3223 3217 1 1 OBJECT
3220 3217 1 1 OBJECT
3219 3217 1 1 OBJECT
3218 3217 1 1 OBJECT
3223 3220 1 1 OBJECT
3220 3220 1 1 OBJECT
3219 3220 1 1 OBJECT
3218 3220 1 1 OBJECT
3217 3220 1 1 OBJECT
3217 3217 1 1 OBJECT
3221 3226 1 1 OBJECT
3221 3227 1 1 OBJECT
3222 3227 1 1 OBJECT
3222 3226 1 1 OBJECT
3222 3211 1 1 OBJECT
3222 3210 1 1 OBJECT
3221 3210 1 1 OBJECT
3221 3211 1 1 OBJECT
3231 3217 1 1 OBJECT
3231 3220 1 1 OBJECT
3237 3215 1 1 OBJECT
3238 3218 1 1 OBJECT
3238 3220 1 1 OBJECT
3238 3221 1 1 OBJECT
3238 3222 1 1 OBJECT
3236 3229 1 1 OBJECT
3236 3228 1 1 OBJECT
3235 3228 1 1 OBJECT
3235 3229 1 1 OBJECT
3229 3216 1 1 OBJECT
3228 3216 1 1 OBJECT
3229 3213 1 1 OBJECT
3228 3221 1 1 OBJECT
3229 3221 1 1 OBJECT
3229 3224 1 1 OBJECT
3213 3225 1 1 OBJECT
3216 3225 1 1 OBJECT
3212 3223 1 1 OBJECT
3212 3220 1 1 OBJECT
3205 3218 1 1 OBJECT
3205 3220 1 1 OBJECT
3205 3221 1 1 OBJECT
3205 3222 1 1 OBJECT
3205 3223 1 1 OBJECT
3205 3224 1 1 OBJECT
3205 3226 1 1 OBJECT
3209 3224 1 1 OBJECT
3210 3223 1 1 OBJECT
3210 3222 1 1 OBJECT
3210 3221 1 1 OBJECT
3210 3220 1 1 OBJECT
3209 3219 1 1 OBJECT
3208 3220 1 1 OBJECT
3208 3221 1 1 OBJECT
3208 3222 1 1 OBJECT
3208 3223 1 1 OBJECT
3209 3223 1 1 OBJECT
3209 3222 1 1 OBJECT
3209 3221 1 1 OBJECT
3209 3220 1 1 OBJECT
3219 3206 1 1 OBJECT
3219 3206 1 1 OBJECT
3212 3208 1 1 OBJECT
3219 3205 1 1 OBJECT
3218 3206 1 1 OBJECT
3219 3207 1 1 OBJECT
3216 3220 1 1 OBJECT
3217 3222 1 1 OBJECT
3217 3221 1 1 OBJECT
3227 3224 1 1 OBJECT
3226 3226 1 1 OBJECT
3226 3227 1 1 OBJECT
3226 3228 1 1 OBJECT
3226 3229 1 1 OBJECT
3225 3230 1 1 OBJECT
3225 3230 1 1 OBJECT
3224 3231 1 1 OBJECT
3223 3232 1 1 OBJECT
3222 3233 1 1 OBJECT
3221 3234 1 1 OBJECT
3221 3234 1 1 OBJECT
3220 3234 1 1 OBJECT
3219 3234 1 1 OBJECT
3218 3234 1 1 OBJECT
3217 3234 1 1 OBJECT
3216 3234 1 1 OBJECT
3215 3234 1 1 OBJECT
3214 3235 1 1 OBJECT
3213 3236 1 1 OBJECT
3212 3236 1 1 OBJECT
3211 3236 1 1 OBJECT
3214 3234 1 1 OBJECT
3218 3203 1 1 OBJECT
3217 3203 1 1 OBJECT
3216 3203 1 1 OBJECT
3215 3203 1 1 OBJECT
3215 3203 1 1 OBJECT
3214 3202 1 1 OBJECT
3215 3203 1 1 OBJECT
3214 3203 1 1 OBJECT
3214 3202 1 1 OBJECT
3213 3201 1 1 OBJECT
3212 3201 1 1 OBJECT
3211 3201 1 1 OBJECT
3210 3201 1 1 OBJECT
3209 3201 1 1 OBJECT
3208 3201 1 1 OBJECT
3207 3201 1 1 OBJECT
3206 3201 1 1 OBJECT
3205 3201 1 1 OBJECT
3204 3201 1 1 OBJECT
3203 3201 1 1 OBJECT
3202 3202 1 1 OBJECT
3201 3203 1 1 OBJECT
3201 3204 1 1 OBJECT
3201 3203 1 1 OBJECT
3201 3205 1 1 OBJECT
3201 3206 1 1 OBJECT
3201 3207 1 1 OBJECT
3201 3208 1 1 OBJECT
3201 3209 1 1 OBJECT
3221 3233 1 1 OBJECT
3222 3232 1 1 OBJECT
3221 3233 1 1 OBJECT
3221 3233 1 1 OBJECT
3222 3232 1 1 OBJECT
3223 3231 1 1 OBJECT
3224 3230 1 1 OBJECT
3226 3225 1 1 OBJECT
3226 3224 1 1 OBJECT
3226 3222 1 1 OBJECT
3226 3221 1 1 OBJECT
3227 3220 1 1 OBJECT
3228 3220 1 1 OBJECT
3229 3220 1 1 OBJECT
3229 3217 1 1 OBJECT
3228 3217 1 1 OBJECT
3228 3217 1 1 OBJECT
3227 3217 1 1 OBJECT
3227 3216 1 1 OBJECT
3226 3215 1 1 OBJECT
3226 3214 1 1 OBJECT
3226 3213 1 1 OBJECT
3226 3212 1 1 OBJECT
3226 3211 1 1 OBJECT
3226 3210 1 1 OBJECT
3226 3209 1 1 OBJECT
3226 3208 1 1 OBJECT
3225 3229 1 1 OBJECT
3225 3229 1 1 OBJECT
3226 3216 1 1 OBJECT
3230 3220 1 1 OBJECT
3231 3221 1 1 OBJECT
3230 3222 1 1 OBJECT
3230 3223 1 1 OBJECT
3230 3224 1 1 OBJECT
3230 3225 1 1 OBJECT
3229 3225 1 1 OBJECT
3228 3225 1 1 OBJECT
3227 3225 1 1 OBJECT
3225 3208 1 1 OBJECT
3220 3206 1 1 OBJECT
3219 3203 1 1 OBJECT
3220 3203 1 1 OBJECT
3222 3204 1 1 OBJECT
3223 3205 1 1 OBJECT
3224 3206 1 1 OBJECT
3225 3207 1 1 OBJECT
3222 3204 1 1 OBJECT
3221 3203 1 1 OBJECT
3220 3202 1 1 OBJECT
3220 3203 1 1 OBJECT
3219 3203 1 1 OBJECT
3213 3202 1 1 OBJECT
3202 3203 1 1 OBJECT
3201 3234 1 1 OBJECT
3202 3235 1 1 OBJECT
3203 3236 1 1 OBJECT
3204 3236 1 1 OBJECT
3205 3236 1 1 OBJECT
3206 3236 1 1 OBJECT
3207 3236 1 1 OBJECT
3208 3236 1 1 OBJECT
3209 3236 1 1 OBJECT
3210 3236 1 1 OBJECT
3213 3235 1 1 OBJECT
3221 3204 1 1 OBJECT
3223 3206 1 1 OBJECT
3223 3206 1 1 OBJECT
3226 3207 1 1 OBJECT
3227 3206 1 1 OBJECT
3227 3205 1 1 OBJECT
3227 3204 1 1 OBJECT
3227 3203 1 1 OBJECT
3227 3202 1 1 OBJECT
3227 3201 1 1 OBJECT
3226 3200 1 1 OBJECT
3214 3427 1 1 OBJECT
3215 3427 1 1 OBJECT
3214 3426 1 1 OBJECT
3214 3427 1 1 OBJECT
3214 3426 1 1 OBJECT
3214 3427 1 1 OBJECT
3215 3427 1 1 OBJECT
3215 3426 1 1 OBJECT
3214 3426 1 1 OBJECT
3214 3430 1 1 OBJECT
3215 3430 1 1 OBJECT
3214 3431 1 1 OBJECT
3214 3430 1 1 OBJECT
3211 3430 1 1 OBJECT
3211 3431 1 1 OBJECT
3211 3430 1 1 OBJECT
3210 3430 1 1 OBJECT
3211 3431 1 1 OBJECT
3226 3206 1 1 OBJECT
3224 3207 1 1 OBJECT
3225 3206 1 1 OBJECT
3224 3207 1 1 OBJECT
3223 3207 1 1 OBJECT
3224 3207 1 1 OBJECT
3222 3205 1 1 OBJECT
3228 3211 1 1 OBJECT
3229 3211 1 1 OBJECT
3230 3212 1 1 OBJECT
3231 3213 1 1 OBJECT
3230 3216 1 1 OBJECT
3230 3217 1 1 OBJECT
3230 3216 1 1 OBJECT
3231 3215 1 1 OBJECT
3231 3214 1 1 OBJECT
3231 3213 1 1 OBJECT
3230 3212 1 1 OBJECT
3229 3211 1 1 OBJECT
3230 3211 1 1 OBJECT
3229 3211 1 1 OBJECT
3228 3212 1 1 OBJECT
3227 3211 1 1 OBJECT
3227 3212 1 1 OBJECT
3230 3221 1 1 OBJECT
3231 3222 1 1 OBJECT
3231 3224 1 1 OBJECT
3230 3221 1 1 OBJECT
3231 3222 1 1 OBJECT
3231 3216 1 1 OBJECT
3229 3212 1 1 OBJECT
3230 3213 1 1 OBJECT
3231 3212 1 1 OBJECT
3230 3215 1 1 OBJECT
3227 3221 1 1 OBJECT
3230 3221 1 1 OBJECT
3231 3222 1 1 OBJECT
3230 3221 1 1 OBJECT
3231 3222 1 1 OBJECT
3212 3215 1 1 OBJECT
3212 3214 1 1 OBJECT
3212 3213 1 1 OBJECT
3212 3212 1 1 OBJECT
3211 3212 1 1 OBJECT
3210 3211 1 1 OBJECT
3209 3212 1 1 OBJECT
3208 3212 1 1 OBJECT
3210 3214 1 1 OBJECT
3209 3214 1 1 OBJECT
3208 3214 1 1 OBJECT
3209 3216 1 1 OBJECT
3210 3217 1 1 OBJECT
3211 3217 1 1 OBJECT
3212 3217 1 1 OBJECT
3212 3216 1 1 OBJECT
3212 3215 1 1 OBJECT
3212 3214 1 1 OBJECT
3212 3213 1 1 OBJECT
3210 3212 1 1 OBJECT
3209 3211 1 1 OBJECT
3229 3228 1 1 OBJECT
3228 3228 1 1 OBJECT
3228 3229 1 1 OBJECT
3230 3228 1 1 OBJECT
3229 3229 1 1 OBJECT
3226 3232 1 1 OBJECT
3226 3233 1 1 OBJECT
3225 3233 1 1 OBJECT
3226 3232 1 1 OBJECT
3225 3232 1 1 OBJECT
3223 3234 1 1 OBJECT
3222 3236 1 1 OBJECT
3220 3239 1 1 OBJECT
3221 3238 1 1 OBJECT
3220 3239 1 1 OBJECT
3220 3244 1 1 OBJECT
3220 3245 1 1 OBJECT
3221 3244 1 1 OBJECT
3220 3244 1 1 OBJECT
3216 3241 1 1 OBJECT
3215 3241 1 1 OBJECT
3214 3241 1 1 OBJECT
3213 3241 1 1 OBJECT
3211 3244 1 1 OBJECT
3211 3243 1 1 OBJECT
3211 3242 1 1 OBJECT
3211 3241 1 1 OBJECT
3211 3240 1 1 OBJECT
3211 3239 1 1 OBJECT
3212 3239 1 1 OBJECT
3213 3239 1 1 OBJECT
3214 3239 1 1 OBJECT
3215 3239 1 1 OBJECT
3216 3239 1 1 OBJECT
3218 3239 1 1 OBJECT
3218 3240 1 1 OBJECT
3218 3242 1 1 OBJECT
3218 3243 1 1 OBJECT
3218 3244 1 1 OBJECT
3217 3244 1 1 OBJECT
3216 3244 1 1 OBJECT
3213 3244 1 1 OBJECT
3211 3244 1 1 OBJECT
3211 3243 1 1 OBJECT
3211 3242 1 1 OBJECT
3211 3241 1 1 OBJECT
3211 3240 1 1 OBJECT
3211 3239 1 1 OBJECT
3210 3239 1 1 OBJECT
3209 3239 1 1 OBJECT
3210 3240 1 1 OBJECT
3209 3242 1 1 OBJECT
3208 3242 1 1 OBJECT
3208 3243 1 1 OBJECT
3207 3244 1 1 OBJECT
3207 3242 1 1 OBJECT
3206 3242 1 1 OBJECT
3207 3241 1 1 OBJECT
3206 3239 1 1 OBJECT
3204 3240 1 1 OBJECT
3204 3239 1 1 OBJECT
3203 3239 1 1 OBJECT
3202 3239 1 1 OBJECT
3202 3241 1 1 OBJECT
3202 3242 1 1 OBJECT
3202 3244 1 1 OBJECT
3202 3243 1 1 OBJECT
3216 3245 1 1 OBJECT
3213 3245 1 1 OBJECT
3211 3245 1 1 OBJECT
3212 3244 1 1 OBJECT
3218 3241 1 1 OBJECT
3216 3245 1 1 OBJECT
3217 3245 1 1 OBJECT
3218 3245 1 1 OBJECT
3219 3245 1 1 OBJECT
3219 3244 1 1 OBJECT
3219 3243 1 1 OBJECT
3219 3242 1 1 OBJECT
3219 3241 1 1 OBJECT
3219 3240 1 1 OBJECT
3219 3239 1 1 OBJECT
3219 3238 1 1 OBJECT
3218 3238 1 1 OBJECT
3217 3238 1 1 OBJECT
3216 3238 1 1 OBJECT
3215 3238 1 1 OBJECT
3214 3238 1 1 OBJECT
3213 3238 1 1 OBJECT
3212 3238 1 1 OBJECT
3212 3238 1 1 OBJECT
3210 3238 1 1 OBJECT
3212 3244 1 1 OBJECT
3208 3244 1 1 OBJECT
3205 3244 1 1 OBJECT
3201 3240 1 1 OBJECT
3234 3231 1 1 OBJECT
3235 3232 1 1 OBJECT
3235 3231 1 1 OBJECT
3235 3230 1 1 OBJECT
3239 3227 1 1 OBJECT
3240 3227 1 1 OBJECT
3241 3227 1 1 OBJECT
3242 3227 1 1 OBJECT
3243 3227 1 1 OBJECT
3244 3227 1 1 OBJECT
3245 3227 1 1 OBJECT
3246 3227 1 1 OBJECT
3247 3227 1 1 OBJECT
3248 3227 1 1 OBJECT
3250 3227 1 1 OBJECT
3251 3227 1 1 OBJECT
3251 3226 1 1 OBJECT
3251 3225 1 1 OBJECT
3251 3224 1 1 OBJECT
3250 3224 1 1 OBJECT
3248 3224 1 1 OBJECT
3247 3224 1 1 OBJECT
3246 3224 1 1 OBJECT
3245 3224 1 1 OBJECT
3244 3224 1 1 OBJECT
3243 3224 1 1 OBJECT
3242 3224 1 1 OBJECT
3241 3224 1 1 OBJECT
3240 3224 1 1 OBJECT
3239 3224 1 1 OBJECT
3238 3224 1 1 OBJECT
3239 3219 1 1 OBJECT
3239 3220 1 1 OBJECT
3239 3221 1 1 OBJECT
3239 3222 1 1 OBJECT
3240 3218 1 1 OBJECT
3242 3218 1 1 OBJECT
3243 3218 1 1 OBJECT
3243 3218 1 1 OBJECT
3244 3218 1 1 OBJECT
3245 3218 1 1 OBJECT
3246 3218 1 1 OBJECT
3247 3218 1 1 OBJECT
3248 3218 1 1 OBJECT
3249 3217 1 1 OBJECT
3249 3216 1 1 OBJECT
3251 3213 1 1 OBJECT
3251 3214 1 1 OBJECT
3252 3214 1 1 OBJECT
3252 3213 1 1 OBJECT
3231 3201 1 1 OBJECT
3230 3201 1 1 OBJECT
3229 3205 1 1 OBJECT
3230 3205 1 1 OBJECT
3231 3205 1 1 OBJECT
3233 3205 1 1 OBJECT
3233 3204 1 1 OBJECT
3233 3202 1 1 OBJECT
3233 3201 1 1 OBJECT
3234 3202 1 1 OBJECT
3234 3204 1 1 OBJECT
3086 3526 1 1 OBJECT
3085 3527 1 1 OBJECT
3086 3527 1 1 OBJECT
3087 3527 1 1 OBJECT
3093 3526 1 1 OBJECT
3094 3526 1 1 OBJECT
3094 3525 1 1 OBJECT
3093 3525 1 1 OBJECT
3093 3520 1 1 OBJECT
3092 3520 1 1 OBJECT
3089 3523 1 1 OBJECT
3088 3523 1 1 OBJECT
3087 3523 1 1 OBJECT
3086 3523 1 1 OBJECT
3085 3523 1 1 OBJECT
3084 3523 1 1 OBJECT
3083 3523 1 1 OBJECT
3082 3523 1 1 OBJECT
3081 3523 1 1 OBJECT
3080 3523 1 1 OBJECT
3079 3523 1 1 OBJECT
3078 3523 1 1 OBJECT
3077 3523 1 1 OBJECT
3076 3523 1 1 OBJECT
3075 3523 1 1 OBJECT
3074 3523 1 1 OBJECT
3073 3523 1 1 OBJECT
3072 3523 1 1 OBJECT
3071 3523 1 1 OBJECT
3070 3523 1 1 OBJECT
3069 3523 1 1 OBJECT
3069 3523 1 1 OBJECT
3068 3523 1 1 OBJECT
3067 3523 1 1 OBJECT
3066 3523 1 1 OBJECT
3065 3523 1 1 OBJECT
3064 3523 1 1 OBJECT
3063 3523 1 1 OBJECT
3062 3523 1 1 OBJECT
3061 3523 1 1 OBJECT
3060 3523 1 1 OBJECT
3059 3523 1 1 OBJECT
3058 3523 1 1 OBJECT
3057 3523 1 1 OBJECT
3056 3523 1 1 OBJECT
3055 3523 1 1 OBJECT
3054 3523 1 1 OBJECT
3053 3523 1 1 OBJECT
3052 3523 1 1 OBJECT
3051 3523 1 1 OBJECT
3050 3523 1 1 OBJECT
3049 3523 1 1 OBJECT
3048 3523 1 1 OBJECT
3047 3523 1 1 OBJECT
3046 3523 1 1 OBJECT
3045 3523 1 1 OBJECT
3044 3523 1 1 OBJECT
3043 3523 1 1 OBJECT
3042 3523 1 1 OBJECT
3041 3523 1 1 OBJECT
3104 3502 1 1 OBJECT
3104 3501 1 1 OBJECT
3104 3498 1 1 OBJECT
3108 3498 1 1 OBJECT
3108 3500 1 1 OBJECT
3108 3501 1 1 OBJECT
3108 3502 1 1 OBJECT
3108 3503 1 1 OBJECT
3109 3503 1 1 OBJECT
3109 3502 1 1 OBJECT
3109 3501 1 1 OBJECT
3109 3500 1 1 OBJECT
3109 3499 1 1 OBJECT
3109 3498 1 1 OBJECT
3109 3497 1 1 OBJECT
3108 3497 1 1 OBJECT
3107 3497 1 1 OBJECT
3106 3497 1 1 OBJECT
3105 3497 1 1 OBJECT
3104 3497 1 1 OBJECT
3103 3497 1 1 OBJECT
3103 3498 1 1 OBJECT
3103 3500 1 1 OBJECT
3103 3501 1 1 OBJECT
3103 3502 1 1 OBJECT
3103 3503 1 1 OBJECT
3104 3503 1 1 OBJECT
3105 3503 1 1 OBJECT
3106 3503 1 1 OBJECT
3107 3503 1 1 OBJECT
3108 3503 1 1 OBJECT
3109 3503 1 1 OBJECT
3092 3513 1 1 OBJECT
3091 3513 1 1 OBJECT
3090 3513 1 1 OBJECT
3090 3512 1 1 OBJECT
3090 3511 1 1 OBJECT
3090 3510 1 1 OBJECT
3090 3509 1 1 OBJECT
3090 3508 1 1 OBJECT
3090 3507 1 1 OBJECT
3090 3506 1 1 OBJECT
3091 3506 1 1 OBJECT
3092 3506 1 1 OBJECT
3093 3506 1 1 OBJECT
3094 3506 1 1 OBJECT
3095 3506 1 1 OBJECT
3096 3506 1 1 OBJECT
3097 3506 1 1 OBJECT
3098 3506 1 1 OBJECT
3099 3506 1 1 OBJECT
3100 3506 1 1 OBJECT
3101 3506 1 1 OBJECT
3101 3507 1 1 OBJECT
3101 3508 1 1 OBJECT
3101 3511 1 1 OBJECT
3101 3512 1 1 OBJECT
3101 3513 1 1 OBJECT
3101 3514 1 1 OBJECT
3100 3514 1 1 OBJECT
3099 3514 1 1 OBJECT
3098 3514 1 1 OBJECT
3097 3514 1 1 OBJECT
3096 3514 1 1 OBJECT
3095 3514 1 1 OBJECT
3094 3514 1 1 OBJECT
3093 3514 1 1 OBJECT
3092 3514 1 1 OBJECT
3091 3514 1 1 OBJECT
3090 3514 1 1 OBJECT
3090 3513 1 1 OBJECT
3090 3512 1 1 OBJECT
3090 3511 1 1 OBJECT
3090 3510 1 1 OBJECT
3090 3509 1 1 OBJECT
3090 3508 1 1 OBJECT
3090 3507 1 1 OBJECT
3090 3506 1 1 OBJECT
3091 3508 1 1 OBJECT
3091 3510 1 1 OBJECT
3092 3511 1 1 OBJECT
3091 3511 1 1 OBJECT
3093 3508 1 1 OBJECT
3093 3508 1 1 OBJECT
3093 3507 1 1 OBJECT
3094 3507 1 1 OBJECT
3095 3507 1 1 OBJECT
3096 3507 1 1 OBJECT
3097 3507 1 1 OBJECT
3097 3507 1 1 OBJECT
3098 3507 1 1 OBJECT
3099 3507 1 1 OBJECT
3100 3507 1 1 OBJECT
3100 3507 1 1 OBJECT
3100 3508 1 1 OBJECT
3100 3512 1 1 OBJECT
3099 3513 1 1 OBJECT
3100 3513 1 1 OBJECT
3098 3513 1 1 OBJECT
3097 3513 1 1 OBJECT
3096 3513 1 1 OBJECT
3093 3513 1 1 OBJECT
3092 3513 1 1 OBJECT
3091 3513 1 1 OBJECT
3088 3510 1 1 OBJECT
3088 3511 1 1 OBJECT
3089 3511 1 1 OBJECT
3089 3510 1 1 OBJECT
3089 3509 1 1 OBJECT
3088 3509 1 1 OBJECT
3088 3510 1 1 OBJECT
3099 3512 1 1 OBJECT
3098 3516 1 1 OBJECT
3098 3517 1 1 OBJECT
3097 3517 1 1 OBJECT
3097 3516 1 1 OBJECT
3098 3516 1 1 OBJECT
3085 3506 1 1 OBJECT
3084 3507 1 1 OBJECT
3075 3513 1 1 OBJECT
3075 3512 1 1 OBJECT
3075 3511 1 1 OBJECT
3075 3510 1 1 OBJECT
3075 3509 1 1 OBJECT
3075 3508 1 1 OBJECT
3075 3507 1 1 OBJECT
3076 3506 1 1 OBJECT
3077 3506 1 1 OBJECT
3078 3506 1 1 OBJECT
3079 3506 1 1 OBJECT
3081 3506 1 1 OBJECT
3082 3506 1 1 OBJECT
3083 3506 1 1 OBJECT
3084 3506 1 1 OBJECT
3085 3507 1 1 OBJECT
3085 3508 1 1 OBJECT
3085 3509 1 1 OBJECT
3085 3510 1 1 OBJECT
3085 3511 1 1 OBJECT
3085 3512 1 1 OBJECT
3085 3513 1 1 OBJECT
3085 3514 1 1 OBJECT
3084 3514 1 1 OBJECT
3083 3514 1 1 OBJECT
3082 3514 1 1 OBJECT
3081 3514 1 1 OBJECT
3080 3514 1 1 OBJECT
3079 3514 1 1 OBJECT
3078 3514 1 1 OBJECT
3077 3514 1 1 OBJECT
3076 3514 1 1 OBJECT
3075 3514 1 1 OBJECT
3075 3513 1 1 OBJECT
3076 3507 1 1 OBJECT
3076 3507 1 1 OBJECT
3076 3509 1 1 OBJECT
3076 3510 1 1 OBJECT
3076 3511 1 1 OBJECT
3076 3512 1 1 OBJECT
3077 3512 1 1 OBJECT
3077 3513 1 1 OBJECT
3078 3513 1 1 OBJECT
3079 3513 1 1 OBJECT
3080 3513 1 1 OBJECT
3081 3513 1 1 OBJECT
3082 3513 1 1 OBJECT
3083 3513 1 1 OBJECT
3084 3513 1 1 OBJECT
3084 3512 1 1 OBJECT
3084 3511 1 1 OBJECT
3084 3510 1 1 OBJECT
3084 3509 1 1 OBJECT
3082 3507 1 1 OBJECT
3078 3507 1 1 OBJECT
3076 3507 1 1 OBJECT
3078 3510 1 1 OBJECT
3079 3510 1 1 OBJECT
3080 3510 1 1 OBJECT
3081 3510 1 1 OBJECT
3082 3510 1 1 OBJECT
3081 3507 1 1 OBJECT
3083 3500 1 1 OBJECT
3083 3501 1 1 OBJECT
3084 3501 1 1 OBJECT
3084 3500 1 1 OBJECT
3083 3500 1 1 OBJECT
3082 3499 1 1 OBJECT
3082 3498 1 1 OBJECT
3083 3498 1 1 OBJECT
3083 3497 1 1 OBJECT
3083 3496 1 1 OBJECT
3083 3495 1 1 OBJECT
3083 3494 1 1 OBJECT
3083 3493 1 1 OBJECT
3083 3492 1 1 OBJECT
3083 3491 1 1 OBJECT
3083 3490 1 1 OBJECT
3083 3490 1 1 OBJECT
3083 3489 1 1 OBJECT
3083 3488 1 1 OBJECT
3083 3487 1 1 OBJECT
3083 3486 1 1 OBJECT
3082 3486 1 1 OBJECT
3081 3486 1 1 OBJECT
3079 3486 1 1 OBJECT
3078 3486 1 1 OBJECT
3077 3486 1 1 OBJECT
3076 3486 1 1 OBJECT
3076 3487 1 1 OBJECT
3076 3487 1 1 OBJECT
3075 3487 1 1 OBJECT
3075 3488 1 1 OBJECT
3075 3489 1 1 OBJECT
3075 3490 1 1 OBJECT
3075 3491 1 1 OBJECT
3075 3492 1 1 OBJECT
3075 3493 1 1 OBJECT
3075 3494 1 1 OBJECT
3075 3495 1 1 OBJECT
3075 3496 1 1 OBJECT
3075 3497 1 1 OBJECT
3076 3498 1 1 OBJECT
3076 3499 1 1 OBJECT
3076 3500 1 1 OBJECT
3076 3501 1 1 OBJECT
3077 3501 1 1 OBJECT
3078 3501 1 1 OBJECT
3077 3490 1 1 OBJECT
3077 3489 1 1 OBJECT
3078 3489 1 1 OBJECT
3080 3489 1 1 OBJECT
3081 3489 1 1 OBJECT
3081 3490 1 1 OBJECT
3081 3492 1 1 OBJECT
3081 3493 1 1 OBJECT
3080 3493 1 1 OBJECT
3081 3494 1 1 OBJECT
3077 3493 1 1 OBJECT
3077 3495 1 1 OBJECT
3077 3496 1 1 OBJECT
3077 3491 1 1 OBJECT
3077 3492 1 1 OBJECT
3077 3497 1 1 OBJECT
3078 3497 1 1 OBJECT
3080 3497 1 1 OBJECT
3081 3497 1 1 OBJECT
3081 3495 1 1 OBJECT
3081 3494 1 1 OBJECT
3081 3491 1 1 OBJECT
3081 3488 1 1 OBJECT
3080 3488 1 1 OBJECT
3079 3488 1 1 OBJECT
3078 3488 1 1 OBJECT
3077 3488 1 1 OBJECT
3077 3489 1 1 OBJECT
3077 3490 1 1 OBJECT
3077 3491 1 1 OBJECT
3077 3492 1 1 OBJECT
3077 3493 1 1 OBJECT
3077 3494 1 1 OBJECT
3077 3495 1 1 OBJECT
3077 3496 1 1 OBJECT
3081 3496 1 1 OBJECT
3075 3498 1 1 OBJECT
3073 3501 1 1 OBJECT
3073 3500 1 1 OBJECT
3074 3500 1 1 OBJECT
3074 3501 1 1 OBJECT
3073 3501 1 1 OBJECT
3072 3495 1 1 OBJECT
3072 3494 1 1 OBJECT
3073 3494 1 1 OBJECT
3073 3495 1 1 OBJECT
3082 3500 1 1 OBJECT
3082 3500 1 1 OBJECT
3082 3501 1 1 OBJECT
3081 3500 1 1 OBJECT
3064 3513 1 1 OBJECT
3066 3513 1 1 OBJECT
3067 3513 1 1 OBJECT
3068 3513 1 1 OBJECT
3070 3513 1 1 OBJECT
3070 3513 1 1 OBJECT
3071 3513 1 1 OBJECT
3071 3514 1 1 OBJECT
3071 3515 1 1 OBJECT
3071 3516 1 1 OBJECT
3071 3517 1 1 OBJECT
3071 3518 1 1 OBJECT
3071 3519 1 1 OBJECT
3070 3519 1 1 OBJECT
3069 3519 1 1 OBJECT
3068 3519 1 1 OBJECT
3067 3519 1 1 OBJECT
3066 3519 1 1 OBJECT
3065 3519 1 1 OBJECT
3065 3518 1 1 OBJECT
3065 3517 1 1 OBJECT
3065 3516 1 1 OBJECT
3065 3515 1 1 OBJECT
3065 3514 1 1 OBJECT
3065 3513 1 1 OBJECT
3066 3513 1 1 OBJECT
3067 3513 1 1 OBJECT
3065 3510 1 1 OBJECT
3065 3509 1 1 OBJECT
3065 3508 1 1 OBJECT
3065 3507 1 1 OBJECT
3065 3506 1 1 OBJECT
3065 3505 1 1 OBJECT
3065 3504 1 1 OBJECT
3065 3503 1 1 OBJECT
3065 3502 1 1 OBJECT
3065 3501 1 1 OBJECT
3065 3500 1 1 OBJECT
3065 3499 1 1 OBJECT
3065 3498 1 1 OBJECT
3065 3497 1 1 OBJECT
3065 3496 1 1 OBJECT
3065 3495 1 1 OBJECT
3065 3494 1 1 OBJECT
3065 3493 1 1 OBJECT
3065 3492 1 1 OBJECT
3065 3491 1 1 OBJECT
3065 3490 1 1 OBJECT
3065 3489 1 1 OBJECT
3065 3488 1 1 OBJECT
3065 3487 1 1 OBJECT
3065 3486 1 1 OBJECT
3065 3485 1 1 OBJECT
3065 3484 1 1 OBJECT
3065 3483 1 1 OBJECT
3065 3482 1 1 OBJECT
3065 3481 1 1 OBJECT
3065 3480 1 1 OBJECT
3065 3479 1 1 OBJECT
3065 3478 1 1 OBJECT
3065 3477 1 1 OBJECT
3064 3476 1 1 OBJECT
3063 3475 1 1 OBJECT
3062 3473 1 1 OBJECT
3062 3472 1 1 OBJECT
3062 3471 1 1 OBJECT
3062 3470 1 1 OBJECT
3060 3469 1 1 OBJECT
3060 3468 1 1 OBJECT
3061 3468 1 1 OBJECT
3061 3469 1 1 OBJECT
3060 3467 1 1 OBJECT
3060 3466 1 1 OBJECT
3060 3464 1 1 OBJECT
3060 3463 1 1 OBJECT
3060 3462 1 1 OBJECT
3060 3461 1 1 OBJECT
3061 3460 1 1 OBJECT
3062 3459 1 1 OBJECT
3063 3458 1 1 OBJECT
3064 3457 1 1 OBJECT
3065 3456 1 1 OBJECT
3065 3455 1 1 OBJECT
3065 3454 1 1 OBJECT
3065 3453 1 1 OBJECT
3066 3452 1 1 OBJECT
3067 3451 1 1 OBJECT
3067 3450 1 1 OBJECT
3068 3449 1 1 OBJECT
3069 3448 1 1 OBJECT
3069 3447 1 1 OBJECT
3069 3446 1 1 OBJECT
3070 3446 1 1 OBJECT
3071 3446 1 1 OBJECT
3071 3447 1 1 OBJECT
3071 3448 1 1 OBJECT
3071 3449 1 1 OBJECT
3071 3450 1 1 OBJECT
3070 3451 1 1 OBJECT
3069 3452 1 1 OBJECT
3069 3453 1 1 OBJECT
3068 3454 1 1 OBJECT
3068 3453 1 1 OBJECT
3069 3454 1 1 OBJECT
3070 3455 1 1 OBJECT
3071 3455 1 1 OBJECT
3071 3456 1 1 OBJECT
3071 3457 1 1 OBJECT
3070 3458 1 1 OBJECT
3071 3458 1 1 OBJECT
3071 3457 1 1 OBJECT
3070 3459 1 1 OBJECT
3069 3460 1 1 OBJECT
3069 3461 1 1 OBJECT
3068 3462 1 1 OBJECT
3068 3463 1 1 OBJECT
3068 3464 1 1 OBJECT
3068 3465 1 1 OBJECT
3068 3466 1 1 OBJECT
3069 3467 1 1 OBJECT
3069 3468 1 1 OBJECT
3069 3469 1 1 OBJECT
3069 3470 1 1 OBJECT
3070 3470 1 1 OBJECT
3070 3471 1 1 OBJECT
3070 3472 1 1 OBJECT
3070 3473 1 1 OBJECT
3070 3474 1 1 OBJECT
3070 3474 1 1 OBJECT
3070 3475 1 1 OBJECT
3070 3476 1 1 OBJECT
3070 3477 1 1 OBJECT
3070 3478 1 1 OBJECT
3070 3479 1 1 OBJECT
3071 3479 1 1 OBJECT
3071 3480 1 1 OBJECT
3070 3481 1 1 OBJECT
3070 3482 1 1 OBJECT
3070 3483 1 1 OBJECT
3071 3484 1 1 OBJECT
3071 3485 1 1 OBJECT
3071 3486 1 1 OBJECT
3071 3487 1 1 OBJECT
3071 3488 1 1 OBJECT
3071 3489 1 1 OBJECT
3071 3490 1 1 OBJECT
3071 3492 1 1 OBJECT
3071 3494 1 1 OBJECT
3071 3495 1 1 OBJECT
3071 3497 1 1 OBJECT
3071 3498 1 1 OBJECT
3071 3499 1 1 OBJECT
3071 3500 1 1 OBJECT
3071 3502 1 1 OBJECT
3071 3504 1 1 OBJECT
3071 3505 1 1 OBJECT
3071 3506 1 1 OBJECT
3071 3508 1 1 OBJECT
3070 3509 1 1 OBJECT
3069 3510 1 1 OBJECT
3068 3510 1 1 OBJECT
3067 3510 1 1 OBJECT
3066 3510 1 1 OBJECT
3064 3477 1 1 OBJECT
3063 3474 1 1 OBJECT
3063 3473 1 1 OBJECT
3063 3472 1 1 OBJECT
3063 3471 1 1 OBJECT
3061 3470 1 1 OBJECT
3064 3458 1 1 OBJECT
3072 3451 1 1 OBJECT
3072 3449 1 1 OBJECT
3066 3453 1 1 OBJECT
3064 3456 1 1 OBJECT
3068 3461 1 1 OBJECT
3069 3466 1 1 OBJECT
3064 3475 1 1 OBJECT
3071 3483 1 1 OBJECT
3071 3482 1 1 OBJECT
3060 3465 1 1 OBJECT
3069 3459 1 1 OBJECT
3070 3460 1 1 OBJECT
3069 3462 1 1 OBJECT
3070 3460 1 1 OBJECT
3072 3455 1 1 OBJECT
3071 3451 1 1 OBJECT
3061 3461 1 1 OBJECT
3070 3480 1 1 OBJECT
3070 3510 1 1 OBJECT
3070 3517 1 1 OBJECT
3070 3516 1 1 OBJECT
3070 3515 1 1 OBJECT
3070 3514 1 1 OBJECT
3067 3514 1 1 OBJECT
3066 3514 1 1 OBJECT
3066 3515 1 1 OBJECT
3066 3516 1 1 OBJECT
3066 3518 1 1 OBJECT
3067 3515 1 1 OBJECT
3069 3517 1 1 OBJECT
3069 3518 1 1 OBJECT
3070 3518 1 1 OBJECT
3062 3460 1 1 OBJECT
3063 3459 1 1 OBJECT
3071 3454 1 1 OBJECT
3071 3453 1 1 OBJECT
3071 3452 1 1 OBJECT
3073 3451 1 1 OBJECT
3074 3453 1 1 OBJECT
3075 3452 1 1 OBJECT
3073 3452 1 1 OBJECT
3072 3452 1 1 OBJECT
3098 3495 1 1 OBJECT
3098 3495 1 1 OBJECT
3097 3495 1 1 OBJECT
3096 3495 1 1 OBJECT
3095 3495 1 1 OBJECT
3095 3494 1 1 OBJECT
3095 3493 1 1 OBJECT
3095 3492 1 1 OBJECT
3095 3491 1 1 OBJECT
3095 3490 1 1 OBJECT
3095 3489 1 1 OBJECT
3095 3488 1 1 OBJECT
3096 3488 1 1 OBJECT
3096 3489 1 1 OBJECT
3096 3490 1 1 OBJECT
3096 3491 1 1 OBJECT
3098 3491 1 1 OBJECT
3097 3488 1 1 OBJECT
3098 3489 1 1 OBJECT
3098 3490 1 1 OBJECT
3095 3488 1 1 OBJECT
3093 3488 1 1 OBJECT
3092 3488 1 1 OBJECT
3091 3492 1 1 OBJECT
3090 3494 1 1 OBJECT
3090 3495 1 1 OBJECT
3090 3496 1 1 OBJECT
3091 3499 1 1 OBJECT
3095 3499 1 1 OBJECT
3095 3498 1 1 OBJECT
3096 3498 1 1 OBJECT
3098 3499 1 1 OBJECT
3096 3499 1 1 OBJECT
3091 3492 1 1 OBJECT
3090 3489 1 1 OBJECT
3090 3488 1 1 OBJECT
3090 3487 1 1 OBJECT
3091 3487 1 1 OBJECT
3092 3487 1 1 OBJECT
3093 3487 1 1 OBJECT
3094 3487 1 1 OBJECT
3095 3487 1 1 OBJECT
3096 3487 1 1 OBJECT
3097 3487 1 1 OBJECT
3098 3487 1 1 OBJECT
3099 3487 1 1 OBJECT
3099 3488 1 1 OBJECT
3099 3489 1 1 OBJECT
3099 3490 1 1 OBJECT
3099 3491 1 1 OBJECT
3099 3492 1 1 OBJECT
3099 3493 1 1 OBJECT
3099 3494 1 1 OBJECT
3099 3495 1 1 OBJECT
3099 3496 1 1 OBJECT
3099 3499 1 1 OBJECT
3099 3500 1 1 OBJECT
3098 3500 1 1 OBJECT
3097 3500 1 1 OBJECT
3096 3500 1 1 OBJECT
3095 3500 1 1 OBJECT
3094 3500 1 1 OBJECT
3091 3500 1 1 OBJECT
3090 3500 1 1 OBJECT
3090 3499 1 1 OBJECT
3090 3498 1 1 OBJECT
3090 3497 1 1 OBJECT
3089 3496 1 1 OBJECT
3089 3495 1 1 OBJECT
3089 3494 1 1 OBJECT
3090 3493 1 1 OBJECT
3090 3492 1 1 OBJECT
3090 3489 1 1 OBJECT
3090 3488 1 1 OBJECT
3090 3487 1 1 OBJECT
3086 3483 1 1 OBJECT
3085 3483 1 1 OBJECT
3084 3483 1 1 OBJECT
3083 3483 1 1 OBJECT
3081 3482 1 1 OBJECT
3082 3480 1 1 OBJECT
3083 3480 1 1 OBJECT
3083 3479 1 1 OBJECT
3082 3479 1 1 OBJECT
3084 3478 1 1 OBJECT
3084 3477 1 1 OBJECT
3084 3476 1 1 OBJECT
3084 3474 1 1 OBJECT
3083 3474 1 1 OBJECT
3082 3473 1 1 OBJECT
3080 3473 1 1 OBJECT
3080 3472 1 1 OBJECT
3080 3471 1 1 OBJECT
3080 3470 1 1 OBJECT
3080 3469 1 1 OBJECT
3080 3468 1 1 OBJECT
3080 3467 1 1 OBJECT
3081 3467 1 1 OBJECT
3082 3467 1 1 OBJECT
3083 3467 1 1 OBJECT
3084 3467 1 1 OBJECT
3085 3467 1 1 OBJECT
3086 3467 1 1 OBJECT
3087 3467 1 1 OBJECT
3087 3467 1 1 OBJECT
3088 3467 1 1 OBJECT
3089 3467 1 1 OBJECT
3090 3467 1 1 OBJECT
3091 3467 1 1 OBJECT
3092 3467 1 1 OBJECT
3093 3467 1 1 OBJECT
3094 3467 1 1 OBJECT
3095 3467 1 1 OBJECT
3096 3467 1 1 OBJECT
3097 3467 1 1 OBJECT
3097 3465 1 1 OBJECT
3096 3465 1 1 OBJECT
3098 3466 1 1 OBJECT
3098 3467 1 1 OBJECT
3098 3468 1 1 OBJECT
3098 3469 1 1 OBJECT
3098 3470 1 1 OBJECT
3098 3471 1 1 OBJECT
3098 3472 1 1 OBJECT
3098 3473 1 1 OBJECT
3098 3474 1 1 OBJECT
3098 3475 1 1 OBJECT
3098 3476 1 1 OBJECT
3098 3477 1 1 OBJECT
3098 3478 1 1 OBJECT
3098 3479 1 1 OBJECT
3098 3480 1 1 OBJECT
3098 3481 1 1 OBJECT
3098 3482 1 1 OBJECT
3098 3483 1 1 OBJECT
3097 3482 1 1 OBJECT
3095 3482 1 1 OBJECT
3092 3482 1 1 OBJECT
3090 3482 1 1 OBJECT
3090 3481 1 1 OBJECT
3090 3480 1 1 OBJECT
3091 3479 1 1 OBJECT
3091 3480 1 1 OBJECT
3090 3480 1 1 OBJECT
3090 3479 1 1 OBJECT
3090 3478 1 1 OBJECT
3090 3477 1 1 OBJECT
3090 3477 1 1 OBJECT
3090 3476 1 1 OBJECT
3090 3475 1 1 OBJECT
3090 3474 1 1 OBJECT
3091 3474 1 1 OBJECT
3092 3474 1 1 OBJECT
3093 3474 1 1 OBJECT
3095 3474 1 1 OBJECT
3096 3474 1 1 OBJECT
3097 3474 1 1 OBJECT
3097 3475 1 1 OBJECT
3097 3476 1 1 OBJECT
3097 3477 1 1 OBJECT
3096 3477 1 1 OBJECT
3096 3476 1 1 OBJECT
3097 3478 1 1 OBJECT
3097 3479 1 1 OBJECT
3097 3480 1 1 OBJECT
3097 3480 1 1 OBJECT
3096 3479 1 1 OBJECT
3096 3480 1 1 OBJECT
3097 3481 1 1 OBJECT
3097 3482 1 1 OBJECT
3095 3473 1 1 OBJECT
3096 3473 1 1 OBJECT
3097 3473 1 1 OBJECT
3097 3472 1 1 OBJECT
3097 3471 1 1 OBJECT
3097 3470 1 1 OBJECT
3096 3471 1 1 OBJECT
3096 3470 1 1 OBJECT
3097 3470 1 1 OBJECT
3097 3468 1 1 OBJECT
3097 3469 1 1 OBJECT
3089 3482 1 1 OBJECT
3089 3483 1 1 OBJECT
3088 3483 1 1 OBJECT
3087 3483 1 1 OBJECT
3087 3483 1 1 OBJECT
3092 3468 1 1 OBJECT
3092 3469 1 1 OBJECT
3092 3471 1 1 OBJECT
3092 3472 1 1 OBJECT
3092 3473 1 1 OBJECT
3086 3469 1 1 OBJECT
3086 3470 1 1 OBJECT
3085 3469 1 1 OBJECT
3085 3471 1 1 OBJECT
3085 3472 1 1 OBJECT
3085 3473 1 1 OBJECT
3085 3474 1 1 OBJECT
3085 3475 1 1 OBJECT
3085 3476 1 1 OBJECT
3085 3477 1 1 OBJECT
3085 3478 1 1 OBJECT
3085 3479 1 1 OBJECT
3085 3481 1 1 OBJECT
3086 3481 1 1 OBJECT
3087 3481 1 1 OBJECT
3087 3483 1 1 OBJECT
3089 3483 1 1 OBJECT
3088 3483 1 1 OBJECT
3087 3483 1 1 OBJECT
3083 3471 1 1 OBJECT
3082 3472 1 1 OBJECT
3083 3472 1 1 OBJECT
3082 3471 1 1 OBJECT
3083 3470 1 1 OBJECT
3083 3469 1 1 OBJECT
3083 3473 1 1 OBJECT
3082 3474 1 1 OBJECT
3083 3477 1 1 OBJECT
3083 3471 1 1 OBJECT
3083 3472 1 1 OBJECT
3082 3472 1 1 OBJECT
3082 3471 1 1 OBJECT
3085 3480 1 1 OBJECT
3085 3480 1 1 OBJECT
3091 3476 1 1 OBJECT
3091 3477 1 1 OBJECT
3087 3517 1 1 OBJECT
3089 3516 1 1 OBJECT
3089 3518 1 1 OBJECT
3089 3517 1 1 OBJECT
3087 3517 1 1 OBJECT
3088 3518 1 1 OBJECT
3087 3517 1 1 OBJECT
3086 3517 1 1 OBJECT
3086 3518 1 1 OBJECT
3085 3518 1 1 OBJECT
3085 3517 1 1 OBJECT
3086 3517 1 1 OBJECT
3083 3517 1 1 OBJECT
3082 3517 1 1 OBJECT
3082 3516 1 1 OBJECT
3083 3516 1 1 OBJECT
3077 3517 1 1 OBJECT
3076 3517 1 1 OBJECT
3076 3516 1 1 OBJECT
3077 3516 1 1 OBJECT
3077 3517 1 1 OBJECT
3076 3517 1 1 OBJECT
3090 3517 1 1 OBJECT
3091 3517 1 1 OBJECT
3091 3516 1 1 OBJECT
3090 3516 1 1 OBJECT
3090 3517 1 1 OBJECT
3103 3512 1 1 OBJECT
3104 3512 1 1 OBJECT
3104 3512 1 1 OBJECT
3104 3511 1 1 OBJECT
3103 3511 1 1 OBJECT
3103 3512 1 1 OBJECT
3104 3512 1 1 OBJECT
3104 3511 1 1 OBJECT
3103 3511 1 1 OBJECT
3103 3512 1 1 OBJECT
3106 3515 1 1 OBJECT
3106 3516 1 1 OBJECT
3106 3517 1 1 OBJECT
3106 3518 1 1 OBJECT
3107 3518 1 1 OBJECT
3108 3518 1 1 OBJECT
3109 3518 1 1 OBJECT
3108 3518 1 1 OBJECT
3109 3518 1 1 OBJECT
3110 3518 1 1 OBJECT
3111 3518 1 1 OBJECT
3112 3518 1 1 OBJECT
3112 3517 1 1 OBJECT
3112 3516 1 1 OBJECT
3112 3513 1 1 OBJECT
3112 3512 1 1 OBJECT
3112 3511 1 1 OBJECT
3112 3510 1 1 OBJECT
3111 3510 1 1 OBJECT
3110 3510 1 1 OBJECT
3109 3510 1 1 OBJECT
3108 3510 1 1 OBJECT
3107 3510 1 1 OBJECT
3106 3510 1 1 OBJECT
3106 3511 1 1 OBJECT
3106 3512 1 1 OBJECT
3106 3513 1 1 OBJECT
3106 3514 1 1 OBJECT
3106 3515 1 1 OBJECT
3106 3516 1 1 OBJECT
3106 3517 1 1 OBJECT
3106 3518 1 1 OBJECT
3109 3517 1 1 OBJECT
3109 3516 1 1 OBJECT
3108 3516 1 1 OBJECT
3107 3516 1 1 OBJECT
3107 3511 1 1 OBJECT
3107 3512 1 1 OBJECT
3108 3512 1 1 OBJECT
3109 3512 1 1 OBJECT
3109 3511 1 1 OBJECT
3108 3511 1 1 OBJECT
3107 3511 1 1 OBJECT
3111 3513 1 1 OBJECT
3111 3516 1 1 OBJECT
3118 3514 1 1 OBJECT
3119 3514 1 1 OBJECT
3119 3513 1 1 OBJECT
3118 3513 1 1 OBJECT
3118 3514 1 1 OBJECT
3122 3512 1 1 OBJECT
3122 3513 1 1 OBJECT
3123 3513 1 1 OBJECT
3123 3512 1 1 OBJECT
3122 3512 1 1 OBJECT
3119 3510 1 1 OBJECT
3118 3509 1 1 OBJECT
3118 3510 1 1 OBJECT
3119 3510 1 1 OBJECT
3120 3506 1 1 OBJECT
3121 3506 1 1 OBJECT
3121 3505 1 1 OBJECT
3120 3505 1 1 OBJECT
3123 3504 1 1 OBJECT
3124 3504 1 1 OBJECT
3124 3505 1 1 OBJECT
3123 3505 1 1 OBJECT
3123 3504 1 1 OBJECT
3121 3505 1 1 OBJECT
3120 3505 1 1 OBJECT
3120 3506 1 1 OBJECT
3120 3506 1 1 OBJECT
3118 3506 1 1 OBJECT
3117 3506 1 1 OBJECT
3117 3507 1 1 OBJECT
3118 3507 1 1 OBJECT
3115 3506 1 1 OBJECT
3115 3505 1 1 OBJECT
3114 3505 1 1 OBJECT
3114 3506 1 1 OBJECT
3115 3506 1 1 OBJECT
3118 3500 1 1 OBJECT
3119 3500 1 1 OBJECT
3119 3499 1 1 OBJECT
3118 3499 1 1 OBJECT
3116 3498 1 1 OBJECT
3116 3497 1 1 OBJECT
3117 3497 1 1 OBJECT
3119 3499 1 1 OBJECT
3114 3502 1 1 OBJECT
3113 3502 1 1 OBJECT
3113 3503 1 1 OBJECT
3114 3503 1 1 OBJECT
3105 3490 1 1 OBJECT
3106 3490 1 1 OBJECT
3106 3489 1 1 OBJECT
3105 3489 1 1 OBJECT
3105 3490 1 1 OBJECT
3100 3463 1 1 OBJECT
3099 3463 1 1 OBJECT
3098 3463 1 1 OBJECT
3097 3463 1 1 OBJECT
3096 3463 1 1 OBJECT
3095 3462 1 1 OBJECT
3095 3462 1 1 OBJECT
3096 3461 1 1 OBJECT
3096 3462 1 1 OBJECT
3095 3461 1 1 OBJECT
3094 3462 1 1 OBJECT
3093 3462 1 1 OBJECT
3092 3462 1 1 OBJECT
3091 3462 1 1 OBJECT
3090 3463 1 1 OBJECT
3090 3462 1 1 OBJECT
3090 3461 1 1 OBJECT
3091 3461 1 1 OBJECT
3090 3463 1 1 OBJECT
3089 3463 1 1 OBJECT
3088 3463 1 1 OBJECT
3086 3463 1 1 OBJECT
3085 3463 1 1 OBJECT
3084 3463 1 1 OBJECT
3084 3463 1 1 OBJECT
3083 3463 1 1 OBJECT
3082 3463 1 1 OBJECT
3081 3463 1 1 OBJECT
3080 3464 1 1 OBJECT
3079 3465 1 1 OBJECT
3078 3466 1 1 OBJECT
3078 3467 1 1 OBJECT
3078 3468 1 1 OBJECT
3078 3468 1 1 OBJECT
3078 3470 1 1 OBJECT
3078 3469 1 1 OBJECT
3078 3471 1 1 OBJECT
3078 3469 1 1 OBJECT
3078 3470 1 1 OBJECT
3078 3471 1 1 OBJECT
3078 3472 1 1 OBJECT
3078 3473 1 1 OBJECT
3078 3474 1 1 OBJECT
3078 3475 1 1 OBJECT
3078 3476 1 1 OBJECT
3078 3477 1 1 OBJECT
3077 3478 1 1 OBJECT
3076 3479 1 1 OBJECT
3076 3481 1 1 OBJECT
3076 3480 1 1 OBJECT
3076 3479 1 1 OBJECT
3076 3480 1 1 OBJECT
3076 3481 1 1 OBJECT
3076 3482 1 1 OBJECT
3076 3483 1 1 OBJECT
3076 3484 1 1 OBJECT
3076 3485 1 1 OBJECT
3076 3478 1 1 OBJECT
3075 3478 1 1 OBJECT
3075 3478 1 1 OBJECT
3076 3477 1 1 OBJECT
3077 3479 1 1 OBJECT
3078 3478 1 1 OBJECT
3078 3478 1 1 OBJECT
3077 3479 1 1 OBJECT
3079 3466 1 1 OBJECT
3080 3465 1 1 OBJECT
3081 3464 1 1 OBJECT
3089 3460 1 1 OBJECT
3088 3460 1 1 OBJECT
3088 3461 1 1 OBJECT
3089 3461 1 1 OBJECT
3093 3458 1 1 OBJECT
3093 3459 1 1 OBJECT
3094 3459 1 1 OBJECT
3094 3458 1 1 OBJECT
3094 3458 1 1 OBJECT
3093 3458 1 1 OBJECT
3093 3459 1 1 OBJECT
3129 3518 1 1 OBJECT
3130 3518 1 1 OBJECT
3130 3518 1 1 OBJECT
3131 3518 1 1 OBJECT
3132 3518 1 1 OBJECT
3133 3518 1 1 OBJECT
3134 3518 1 1 OBJECT
3134 3516 1 1 OBJECT
3133 3516 1 1 OBJECT
3132 3516 1 1 OBJECT
3131 3516 1 1 OBJECT
3130 3516 1 1 OBJECT
3129 3516 1 1 OBJECT
3128 3515 1 1 OBJECT
3126 3519 1 1 OBJECT
3085 3520 1 1 OBJECT
3086 3520 1 1 OBJECT
3087 3520 1 1 OBJECT
3088 3520 1 1 OBJECT
3089 3520 1 1 OBJECT
3090 3520 1 1 OBJECT
3091 3520 1 1 OBJECT
3094 3520 1 1 OBJECT
3095 3520 1 1 OBJECT
3096 3520 1 1 OBJECT
3097 3520 1 1 OBJECT
3098 3520 1 1 OBJECT
3099 3520 1 1 OBJECT
3100 3520 1 1 OBJECT
3101 3520 1 1 OBJECT
3102 3520 1 1 OBJECT
3103 3520 1 1 OBJECT
3104 3520 1 1 OBJECT
3106 3521 1 1 OBJECT
3107 3521 1 1 OBJECT
3108 3521 1 1 OBJECT
3109 3521 1 1 OBJECT
3110 3521 1 1 OBJECT
3111 3521 1 1 OBJECT
3112 3521 1 1 OBJECT
3113 3521 1 1 OBJECT
3114 3521 1 1 OBJECT
3115 3521 1 1 OBJECT
3116 3521 1 1 OBJECT
3117 3521 1 1 OBJECT
3118 3521 1 1 OBJECT
3119 3521 1 1 OBJECT
3120 3521 1 1 OBJECT
3120 3521 1 1 OBJECT
3121 3521 1 1 OBJECT
3122 3521 1 1 OBJECT
3123 3521 1 1 OBJECT
3124 3521 1 1 OBJECT
3125 3521 1 1 OBJECT
3126 3521 1 1 OBJECT
3127 3521 1 1 OBJECT
3105 3520 1 1 OBJECT
2451 5171 1 1 OBJECT
2450 5175 1 1 OBJECT
2451 5176 1 1 OBJECT
2452 5178 1 1 OBJECT
2453 5178 1 1 OBJECT
2451 5179 1 1 OBJECT
2447 5181 1 1 OBJECT
2446 5181 1 1 OBJECT
2446 5180 1 1 OBJECT
2445 5181 1 1 OBJECT
2442 5181 1 1 OBJECT
2441 5181 1 1 OBJECT
2439 5179 1 1 OBJECT
2438 5179 1 1 OBJECT
2440 5179 1 1 OBJECT
2440 5180 1 1 OBJECT
2441 5180 1 1 OBJECT
2441 5179 1 1 OBJECT
3216 3224 1 1 OBJECT
3216 3223 1 1 OBJECT
3216 3222 1 1 OBJECT
3216 3221 1 1 OBJECT
3216 3221 1 1 OBJECT
3216 3217 1 1 OBJECT
3216 3216 1 1 OBJECT
3216 3215 1 1 OBJECT
3216 3214 1 1 OBJECT
3216 3213 1 1 OBJECT
3216 3212 1 1 OBJECT
3216 3213 1 1 OBJECT
3216 3214 1 1 OBJECT
3216 3215 1 1 OBJECT
3214 3212 1 1 OBJECT
3213 3212 1 1 OBJECT
3213 3213 1 1 OBJECT
3213 3214 1 1 OBJECT
3213 3214 1 1 OBJECT
3213 3215 1 1 OBJECT
3213 3216 1 1 OBJECT
3213 3217 1 1 OBJECT
3213 3218 1 1 OBJECT
3213 3219 1 1 OBJECT
3213 3220 1 1 OBJECT
3213 3220 1 1 OBJECT
3213 3223 1 1 OBJECT
3213 3224 1 1 OBJECT
3214 3225 1 1 OBJECT
3213 3226 1 1 OBJECT
3212 3226 1 1 OBJECT
3211 3226 1 1 OBJECT
3210 3226 1 1 OBJECT
3209 3226 1 1 OBJECT
3208 3226 1 1 OBJECT
3207 3226 1 1 OBJECT
3206 3226 1 1 OBJECT
3212 3219 1 1 OBJECT
3212 3218 1 1 OBJECT
3212 3224 1 1 OBJECT
3212 3226 1 1 OBJECT
3211 3226 1 1 OBJECT
3210 3226 1 1 OBJECT
3209 3226 1 1 OBJECT
3208 3226 1 1 OBJECT
3207 3226 1 1 OBJECT
3207 3226 1 1 OBJECT
3206 3226 1 1 OBJECT
3205 3225 1 1 OBJECT
3205 3219 1 1 OBJECT
3206 3218 1 1 OBJECT
3208 3218 1 1 OBJECT
3209 3218 1 1 OBJECT
3210 3218 1 1 OBJECT
3211 3218 1 1 OBJECT
3212 3218 1 1 OBJECT
3216 3210 1 1 OBJECT
3215 3209 1 1 OBJECT
3214 3208 1 1 OBJECT
3213 3208 1 1 OBJECT
3213 3208 1 1 OBJECT
3213 3208 1 1 OBJECT
3211 3208 1 1 OBJECT
3210 3208 1 1 OBJECT
3209 3208 1 1 OBJECT
3208 3208 1 1 OBJECT
3207 3208 1 1 OBJECT
3206 3207 1 1 OBJECT
3205 3206 1 1 OBJECT
3204 3206 1 1 OBJECT
3203 3206 1 1 OBJECT
3203 3207 1 1 OBJECT
3203 3208 1 1 OBJECT
3204 3209 1 1 OBJECT
3204 3210 1 1 OBJECT
3204 3211 1 1 OBJECT
3204 3212 1 1 OBJECT
3204 3212 1 1 OBJECT
3204 3213 1 1 OBJECT
3204 3214 1 1 OBJECT
3204 3215 1 1 OBJECT
3204 3216 1 1 OBJECT
3204 3217 1 1 OBJECT
3204 3218 1 1 OBJECT
3204 3219 1 1 OBJECT
3204 3220 1 1 OBJECT
3204 3221 1 1 OBJECT
3204 3222 1 1 OBJECT
3204 3223 1 1 OBJECT
3204 3223 1 1 OBJECT
3204 3224 1 1 OBJECT
3204 3225 1 1 OBJECT
3204 3226 1 1 OBJECT
3204 3227 1 1 OBJECT
3204 3227 1 1 OBJECT
3204 3228 1 1 OBJECT
3203 3229 1 1 OBJECT
3203 3230 1 1 OBJECT
3203 3231 1 1 OBJECT
3204 3231 1 1 OBJECT
3205 3231 1 1 OBJECT
3206 3230 1 1 OBJECT
3207 3229 1 1 OBJECT
3208 3229 1 1 OBJECT
3209 3229 1 1 OBJECT
3210 3229 1 1 OBJECT
3211 3229 1 1 OBJECT
3211 3229 1 1 OBJECT
3212 3229 1 1 OBJECT
3213 3229 1 1 OBJECT
3214 3229 1 1 OBJECT
3215 3228 1 1 OBJECT
3216 3227 1 1 OBJECT
3217 3226 1 1 OBJECT
3217 3225 1 1 OBJECT
3217 3224 1 1 OBJECT
3217 3223 1 1 OBJECT
3217 3223 1 1 OBJECT
3217 3223 1 1 OBJECT
3217 3223 1 1 OBJECT
3217 3227 1 1 OBJECT
3216 3228 1 1 OBJECT
3215 3229 1 1 OBJECT
3215 3229 1 1 OBJECT
3216 3208 1 1 OBJECT
3216 3209 1 1 OBJECT
3215 3208 1 1 OBJECT
3217 3210 1 1 OBJECT
3217 3211 1 1 OBJECT
3217 3212 1 1 OBJECT
3217 3213 1 1 OBJECT
3217 3214 1 1 OBJECT
3217 3215 1 1 OBJECT
3217 3216 1 1 OBJECT
3205 3215 1 1 OBJECT
3205 3216 1 1 OBJECT
3206 3215 1 1 OBJECT
3205 3213 1 1 OBJECT
3205 3212 1 1 OBJECT
3207 3212 1 1 OBJECT
3206 3215 1 1 OBJECT
3206 3211 1 1 OBJECT
3207 3211 1 1 OBJECT
3205 3211 1 1 OBJECT
3205 3210 1 1 OBJECT
3203 3209 1 1 OBJECT
3200 3203 1 1 OBJECT
3201 3202 1 1 OBJECT
3202 3201 1 1 OBJECT
3203 3200 1 1 OBJECT
3201 3218 1 1 OBJECT
3201 3217 1 1 OBJECT
3201 3216 1 1 OBJECT
3201 3215 1 1 OBJECT
3201 3214 1 1 OBJECT
3201 3213 1 1 OBJECT
3201 3212 1 1 OBJECT
3201 3211 1 1 OBJECT
3201 3210 1 1 OBJECT
3201 3210 1 1 OBJECT
3201 3220 1 1 OBJECT
3201 3221 1 1 OBJECT
3201 3222 1 1 OBJECT
3201 3223 1 1 OBJECT
3201 3224 1 1 OBJECT
3201 3225 1 1 OBJECT
3201 3226 1 1 OBJECT
3201 3227 1 1 OBJECT
3201 3228 1 1 OBJECT
3201 3229 1 1 OBJECT
3201 3230 1 1 OBJECT
3201 3230 1 1 OBJECT
3201 3231 1 1 OBJECT
3201 3232 1 1 OBJECT
3201 3233 1 1 OBJECT
3202 3234 1 1 OBJECT
3203 3235 1 1 OBJECT
3202 3234 1 1 OBJECT
3199 3216 1 1 OBJECT
3198 3215 1 1 OBJECT
3199 3215 1 1 OBJECT
3200 3215 1 1 OBJECT
3198 3215 1 1 OBJECT
3197 3215 1 1 OBJECT
3197 3216 1 1 OBJECT
3196 3216 1 1 OBJECT
3196 3217 1 1 OBJECT
3196 3219 1 1 OBJECT
3196 3220 1 1 OBJECT
3196 3221 1 1 OBJECT
3197 3221 1 1 OBJECT
3198 3222 1 1 OBJECT
3199 3222 1 1 OBJECT
3200 3222 1 1 OBJECT
3200 3221 1 1 OBJECT
3199 3221 1 1 OBJECT
3198 3221 1 1 OBJECT
3197 3217 1 1 OBJECT
3186 3233 1 1 OBJECT
3187 3233 1 1 OBJECT
3186 3234 1 1 OBJECT
3186 3234 1 1 OBJECT
3186 3236 1 1 OBJECT
3189 3235 1 1 OBJECT
3190 3236 1 1 OBJECT
2840 3431 1 1 OBJECT
2839 3431 1 1 OBJECT
2838 3431 1 1 OBJECT
2836 3431 1 1 OBJECT
2835 3431 1 1 OBJECT
2834 3432 1 1 OBJECT
2833 3433 1 1 OBJECT
2832 3434 1 1 OBJECT
2830 3434 1 1 OBJECT
2831 3434 1 1 OBJECT
2829 3434 1 1 OBJECT
2827 3434 1 1 OBJECT
2825 3435 1 1 OBJECT
2824 3435 1 1 OBJECT
2822 3435 1 1 OBJECT
2821 3435 1 1 OBJECT
2820 3435 1 1 OBJECT
2818 3435 1 1 OBJECT
2817 3435 1 1 OBJECT
2815 3434 1 1 OBJECT
2816 3435 1 1 OBJECT
2815 3434 1 1 OBJECT
2813 3434 1 1 OBJECT
2814 3434 1 1 OBJECT
2812 3433 1 1 OBJECT
2811 3432 1 1 OBJECT
2809 3431 1 1 OBJECT
2804 3428 1 1 OBJECT
2805 3429 1 1 OBJECT
2805 3430 1 1 OBJECT
2805 3426 1 1 OBJECT
2804 3424 1 1 OBJECT
2803 3418 1 1 OBJECT
2804 3416 1 1 OBJECT
2800 3415 1 1 OBJECT
2799 3415 1 1 OBJECT
2798 3413 1 1 OBJECT
2797 3413 1 1 OBJECT
2794 3413 1 1 OBJECT
2837 3433 1 1 OBJECT
2838 3433 1 1 OBJECT
2841 3435 1 1 OBJECT
2840 3432 1 1 OBJECT
2840 3431 1 1 OBJECT
2841 3431 1 1 OBJECT
2842 3430 1 1 OBJECT
2843 3429 1 1 OBJECT
2843 3429 1 1 OBJECT
2844 3429 1 1 OBJECT
2845 3429 1 1 OBJECT
2846 3429 1 1 OBJECT
2847 3429 1 1 OBJECT
2848 3428 1 1 OBJECT
2849 3427 1 1 OBJECT
2850 3426 1 1 OBJECT
2851 3425 1 1 OBJECT
2852 3424 1 1 OBJECT
2852 3423 1 1 OBJECT
2853 3423 1 1 OBJECT
2854 3423 1 1 OBJECT
2855 3423 1 1 OBJECT
2856 3423 1 1 OBJECT
2857 3424 1 1 OBJECT
2857 3425 1 1 OBJECT
2858 3426 1 1 OBJECT
2857 3426 1 1 OBJECT
2859 3426 1 1 OBJECT
2860 3426 1 1 OBJECT
2861 3426 1 1 OBJECT
2862 3425 1 1 OBJECT
2864 3425 1 1 OBJECT
2864 3424 1 1 OBJECT
2865 3425 1 1 OBJECT
2865 3426 1 1 OBJECT
2865 3427 1 1 OBJECT
2866 3427 1 1 OBJECT
2866 3425 1 1 OBJECT
2865 3426 1 1 OBJECT
2864 3426 1 1 OBJECT
2864 3425 1 1 OBJECT
2864 3424 1 1 OBJECT
2865 3424 1 1 OBJECT
2866 3424 1 1 OBJECT
2860 3433 1 1 OBJECT
2860 3434 1 1 OBJECT
2861 3434 1 1 OBJECT
2861 3433 1 1 OBJECT
2863 3431 1 1 OBJECT
2863 3430 1 1 OBJECT
2864 3430 1 1 OBJECT
2864 3431 1 1 OBJECT
3088 3521 1 1 OBJECT
2669 3721 1 1 OBJECT
2668 3721 1 1 OBJECT
2667 3721 1 1 OBJECT
2666 3721 1 1 OBJECT
2665 3721 1 1 OBJECT
2664 3721 1 1 OBJECT
2663 3721 1 1 OBJECT
2670 3721 1 1 OBJECT
2671 3721 1 1 OBJECT
2672 3721 1 1 OBJECT
2673 3721 1 1 OBJECT
2674 3722 1 1 OBJECT
2674 3723 1 1 OBJECT
2675 3723 1 1 OBJECT
2676 3724 1 1 OBJECT
2677 3725 1 1 OBJECT
2673 3722 1 1 OBJECT
2675 3724 1 1 OBJECT
2677 3724 1 1 OBJECT
2676 3725 1 1 OBJECT
2677 3726 1 1 OBJECT
2676 3726 1 1 OBJECT
3081 3531 1 1 OBJECT
3081 3532 1 1 OBJECT
3082 3532 1 1 OBJECT
3082 3531 1 1 OBJECT
3082 3531 1 1 OBJECT
2842 3431 1 1 OBJECT
2837 3431 1 1 OBJECT
2834 3431 1 1 OBJECT
2835 3432 1 1 OBJECT
2837 3434 1 1 OBJECT
2841 3434 1 1 OBJECT
2844 3436 1 1 OBJECT
2844 3437 1 1 OBJECT
2843 3437 1 1 OBJECT
2843 3436 1 1 OBJECT
2847 3428 1 1 OBJECT
2848 3427 1 1 OBJECT
2847 3428 1 1 OBJECT
2848 3427 1 1 OBJECT
2848 3426 1 1 OBJECT
2849 3426 1 1 OBJECT
2850 3425 1 1 OBJECT
2851 3424 1 1 OBJECT
2856 3424 1 1 OBJECT
2863 3424 1 1 OBJECT
2864 3423 1 1 OBJECT
2864 3427 1 1 OBJECT
2864 3428 1 1 OBJECT
2864 3429 1 1 OBJECT
2862 3431 1 1 OBJECT
2861 3432 1 1 OBJECT
2859 3433 1 1 OBJECT
2860 3432 1 1 OBJECT
2837 3431 1 1 OBJECT
2834 3431 1 1 OBJECT
2828 3434 1 1 OBJECT
2826 3434 1 1 OBJECT
2823 3435 1 1 OBJECT
2822 3434 1 1 OBJECT
2821 3434 1 1 OBJECT
2820 3434 1 1 OBJECT
2819 3434 1 1 OBJECT
2818 3434 1 1 OBJECT
2817 3434 1 1 OBJECT
2816 3434 1 1 OBJECT
2815 3433 1 1 OBJECT
2814 3433 1 1 OBJECT
2813 3433 1 1 OBJECT
2812 3432 1 1 OBJECT
2810 3431 1 1 OBJECT
2809 3430 1 1 OBJECT
2808 3430 1 1 OBJECT
2807 3430 1 1 OBJECT
2806 3430 1 1 OBJECT
2806 3430 1 1 OBJECT
2802 3413 1 1 OBJECT
2795 3413 1 1 OBJECT
2792 3413 1 1 OBJECT
2803 3410 1 1 OBJECT
2804 3410 1 1 OBJECT
2826 3435 1 1 OBJECT
2843 3430 1 1 OBJECT
2862 3426 1 1 OBJECT
2863 3432 1 1 OBJECT
2862 3433 1 1 OBJECT
2863 3432 1 1 OBJECT
2858 3435 1 1 OBJECT
2857 3435 1 1 OBJECT
2854 3435 1 1 OBJECT
2853 3435 1 1 OBJECT
2849 3439 1 1 OBJECT
2848 3439 1 1 OBJECT
2833 3441 1 1 OBJECT
2833 3442 1 1 OBJECT
2831 3442 1 1 OBJECT
2831 3443 1 1 OBJECT
2830 3443 1 1 OBJECT
2830 3442 1 1 OBJECT
2830 3445 1 1 OBJECT
2831 3445 1 1 OBJECT
2831 3446 1 1 OBJECT
2830 3446 1 1 OBJECT
2832 3446 1 1 OBJECT
2833 3444 1 1 OBJECT
2834 3444 1 1 OBJECT
2835 3444 1 1 OBJECT
2836 3444 1 1 OBJECT
2836 3443 1 1 OBJECT
2837 3441 1 1 OBJECT
2837 3440 1 1 OBJECT
2837 3446 1 1 OBJECT
2837 3448 1 1 OBJECT
2836 3448 1 1 OBJECT
2835 3448 1 1 OBJECT
2835 3447 1 1 OBJECT
2832 3446 1 1 OBJECT
2837 3446 1 1 OBJECT
2836 3443 1 1 OBJECT
2837 3441 1 1 OBJECT
2837 3440 1 1 OBJECT
2830 3440 1 1 OBJECT
2830 3440 1 1 OBJECT
2830 3441 1 1 OBJECT
2831 3440 1 1 OBJECT
2832 3439 1 1 OBJECT
2831 3439 1 1 OBJECT
2829 3439 1 1 OBJECT
2829 3440 1 1 OBJECT
2829 3441 1 1 OBJECT
2830 3442 1 1 OBJECT
2830 3443 1 1 OBJECT
2830 3444 1 1 OBJECT
2830 3445 1 1 OBJECT
2830 3446 1 1 OBJECT
2830 3446 1 1 OBJECT
2830 3447 1 1 OBJECT
2831 3447 1 1 OBJECT
2832 3447 1 1 OBJECT
2833 3447 1 1 OBJECT
2834 3447 1 1 OBJECT
2833 3447 1 1 OBJECT
2834 3448 1 1 OBJECT
2834 3449 1 1 OBJECT
2835 3449 1 1 OBJECT
2835 3449 1 1 OBJECT
2836 3449 1 1 OBJECT
2837 3449 1 1 OBJECT
2838 3449 1 1 OBJECT
2838 3448 1 1 OBJECT
2838 3447 1 1 OBJECT
2838 3446 1 1 OBJECT
2838 3447 1 1 OBJECT
2838 3446 1 1 OBJECT
2838 3445 1 1 OBJECT
2838 3444 1 1 OBJECT
2838 3443 1 1 OBJECT
2838 3443 1 1 OBJECT
2838 3442 1 1 OBJECT
2838 3441 1 1 OBJECT
2838 3440 1 1 OBJECT
2838 3439 1 1 OBJECT
2837 3439 1 1 OBJECT
2836 3439 1 1 OBJECT
2835 3439 1 1 OBJECT
2833 3434 1 1 OBJECT
2834 3433 1 1 OBJECT
2833 3434 1 1 OBJECT
2833 3434 1 1 OBJECT
2838 3434 1 1 OBJECT
2835 3433 1 1 OBJECT
2817 3440 1 1 OBJECT
2817 3441 1 1 OBJECT
2817 3442 1 1 OBJECT
2815 3441 1 1 OBJECT
2815 3442 1 1 OBJECT
2815 3444 1 1 OBJECT
2815 3443 1 1 OBJECT
2817 3444 1 1 OBJECT
2818 3444 1 1 OBJECT
2816 3444 1 1 OBJECT
2817 3441 1 1 OBJECT
2817 3442 1 1 OBJECT
2817 3440 1 1 OBJECT
2818 3439 1 1 OBJECT
2814 3438 1 1 OBJECT
2814 3439 1 1 OBJECT
2819 3438 1 1 OBJECT
2819 3439 1 1 OBJECT
2814 3439 1 1 OBJECT
2814 3440 1 1 OBJECT
2814 3441 1 1 OBJECT
2819 3440 1 1 OBJECT
2819 3441 1 1 OBJECT
2819 3442 1 1 OBJECT
2814 3442 1 1 OBJECT
2814 3443 1 1 OBJECT
2819 3443 1 1 OBJECT
2819 3444 1 1 OBJECT
2814 3444 1 1 OBJECT
2819 3445 1 1 OBJECT
2814 3445 1 1 OBJECT
2815 3445 1 1 OBJECT
2818 3445 1 1 OBJECT
2816 3445 1 1 OBJECT
2817 3445 1 1 OBJECT
2817 3445 1 1 OBJECT
2812 3442 1 1 OBJECT
2811 3442 1 1 OBJECT
2806 3442 1 1 OBJECT
2810 3442 1 1 OBJECT
2807 3442 1 1 OBJECT
2809 3442 1 1 OBJECT
2808 3442 1 1 OBJECT
2806 3441 1 1 OBJECT
2806 3438 1 1 OBJECT
2812 3439 1 1 OBJECT
2811 3437 1 1 OBJECT
2807 3437 1 1 OBJECT
2807 3437 1 1 OBJECT
2810 3437 1 1 OBJECT
2808 3437 1 1 OBJECT
2811 3437 1 1 OBJECT
2807 3437 1 1 OBJECT
2812 3437 1 1 OBJECT
2806 3437 1 1 OBJECT
2805 3437 1 1 OBJECT
2813 3437 1 1 OBJECT
2805 3438 1 1 OBJECT
2813 3438 1 1 OBJECT
2805 3439 1 1 OBJECT
2805 3440 1 1 OBJECT
2805 3441 1 1 OBJECT
2812 3438 1 1 OBJECT
2805 3442 1 1 OBJECT
2812 3439 1 1 OBJECT
2805 3443 1 1 OBJECT
2812 3440 1 1 OBJECT
2805 3444 1 1 OBJECT
2812 3441 1 1 OBJECT
2805 3445 1 1 OBJECT
2812 3443 1 1 OBJECT
2805 3446 1 1 OBJECT
2812 3444 1 1 OBJECT
2806 3446 1 1 OBJECT
2812 3445 1 1 OBJECT
2807 3446 1 1 OBJECT
2811 3445 1 1 OBJECT
2808 3446 1 1 OBJECT
2810 3445 1 1 OBJECT
2809 3446 1 1 OBJECT
2809 3445 1 1 OBJECT
2810 3446 1 1 OBJECT
2808 3445 1 1 OBJECT
2811 3446 1 1 OBJECT
2812 3446 1 1 OBJECT
2807 3445 1 1 OBJECT
2813 3446 1 1 OBJECT
2813 3445 1 1 OBJECT
2806 3445 1 1 OBJECT
2806 3444 1 1 OBJECT
2806 3443 1 1 OBJECT
2807 3438 1 1 OBJECT
2801 3442 1 1 OBJECT
2800 3442 1 1 OBJECT
2800 3444 1 1 OBJECT
2800 3443 1 1 OBJECT
2799 3443 1 1 OBJECT
2799 3444 1 1 OBJECT
2799 3446 1 1 OBJECT
2798 3446 1 1 OBJECT
2799 3446 1 1 OBJECT
2800 3446 1 1 OBJECT
2799 3447 1 1 OBJECT
2798 3446 1 1 OBJECT
2799 3448 1 1 OBJECT
2799 3449 1 1 OBJECT
2800 3449 1 1 OBJECT
2800 3448 1 1 OBJECT
2800 3452 1 1 OBJECT
2795 3448 1 1 OBJECT
2796 3448 1 1 OBJECT
2797 3448 1 1 OBJECT
2797 3448 1 1 OBJECT
2797 3447 1 1 OBJECT
2796 3447 1 1 OBJECT
2795 3448 1 1 OBJECT
2797 3446 1 1 OBJECT
2796 3445 1 1 OBJECT
2796 3444 1 1 OBJECT
2797 3444 1 1 OBJECT
2797 3445 1 1 OBJECT
2799 3445 1 1 OBJECT
2795 3446 1 1 OBJECT
2794 3446 1 1 OBJECT
2795 3439 1 1 OBJECT
2793 3446 1 1 OBJECT
2794 3439 1 1 OBJECT
2793 3446 1 1 OBJECT
2794 3438 1 1 OBJECT
2794 3445 1 1 OBJECT
2795 3438 1 1 OBJECT
2794 3444 1 1 OBJECT
2795 3445 1 1 OBJECT
2794 3446 1 1 OBJECT
3218 3232 1 1 OBJECT
3218 3231 1 1 OBJECT
3217 3231 1 1 OBJECT
3217 3232 1 1 OBJECT
3218 3232 1 1 OBJECT
3213 3232 1 1 OBJECT
3212 3232 1 1 OBJECT
3212 3233 1 1 OBJECT
3213 3233 1 1 OBJECT
3241 3210 1 1 OBJECT
3242 3210 1 1 OBJECT
3245 3210 1 1 OBJECT
3241 3212 1 1 OBJECT
3246 3210 1 1 OBJECT
3242 3212 1 1 OBJECT
3246 3208 1 1 OBJECT
3245 3208 1 1 OBJECT
3242 3210 1 1 OBJECT
3242 3208 1 1 OBJECT
3241 3210 1 1 OBJECT
3241 3208 1 1 OBJECT
3241 3208 1 1 OBJECT
3242 3208 1 1 OBJECT
3243 3206 1 1 OBJECT
3244 3206 1 1 OBJECT
3244 3206 1 1 OBJECT
3242 3204 1 1 OBJECT
3243 3206 1 1 OBJECT
3243 3204 1 1 OBJECT
3244 3204 1 1 OBJECT
3245 3204 1 1 OBJECT
3240 3204 1 1 OBJECT
3247 3204 1 1 OBJECT
3241 3202 1 1 OBJECT
3241 3200 1 1 OBJECT
3246 3213 1 1 OBJECT
3245 3212 1 1 OBJECT
3246 3212 1 1 OBJECT
3244 3215 1 1 OBJECT
3243 3215 1 1 OBJECT
3244 3215 1 1 OBJECT
3244 3214 1 1 OBJECT
3243 3215 1 1 OBJECT
3240 3215 1 1 OBJECT
3248 3204 1 1 OBJECT
3248 3205 1 1 OBJECT
3248 3206 1 1 OBJECT
3248 3207 1 1 OBJECT
3248 3208 1 1 OBJECT
3248 3209 1 1 OBJECT
3239 3215 1 1 OBJECT
3248 3210 1 1 OBJECT
3248 3211 1 1 OBJECT
3239 3214 1 1 OBJECT
3248 3212 1 1 OBJECT
3239 3213 1 1 OBJECT
3248 3213 1 1 OBJECT
3239 3212 1 1 OBJECT
3248 3214 1 1 OBJECT
3248 3215 1 1 OBJECT
3238 3212 1 1 OBJECT
3238 3212 1 1 OBJECT
3248 3216 1 1 OBJECT
3237 3212 1 1 OBJECT
3237 3211 1 1 OBJECT
3237 3208 1 1 OBJECT
3247 3216 1 1 OBJECT
3237 3207 1 1 OBJECT
3246 3216 1 1 OBJECT
3245 3216 1 1 OBJECT
3238 3207 1 1 OBJECT
3244 3216 1 1 OBJECT
3243 3216 1 1 OBJECT
3239 3207 1 1 OBJECT
3242 3216 1 1 OBJECT
3239 3206 1 1 OBJECT
3241 3216 1 1 OBJECT
3240 3216 1 1 OBJECT
3239 3205 1 1 OBJECT
3239 3216 1 1 OBJECT
3239 3205 1 1 OBJECT
3238 3216 1 1 OBJECT
3239 3204 1 1 OBJECT
3240 3203 1 1 OBJECT
3239 3215 1 1 OBJECT
3241 3203 1 1 OBJECT
3242 3203 1 1 OBJECT
3239 3214 1 1 OBJECT
3243 3203 1 1 OBJECT
3244 3203 1 1 OBJECT
3239 3213 1 1 OBJECT
3245 3203 1 1 OBJECT
3239 3212 1 1 OBJECT
3246 3203 1 1 OBJECT
3238 3212 1 1 OBJECT
3247 3203 1 1 OBJECT
3237 3212 1 1 OBJECT
3248 3203 1 1 OBJECT
3248 3204 1 1 OBJECT
3248 3205 1 1 OBJECT
3237 3208 1 1 OBJECT
3248 3206 1 1 OBJECT
3248 3207 1 1 OBJECT
3237 3207 1 1 OBJECT
3248 3208 1 1 OBJECT
3238 3207 1 1 OBJECT
3248 3209 1 1 OBJECT
3239 3207 1 1 OBJECT
3239 3206 1 1 OBJECT
3243 3214 1 1 OBJECT
3134 3719 1 1 OBJECT
3134 3717 1 1 OBJECT
3135 3716 1 1 OBJECT
3135 3715 1 1 OBJECT
3135 3714 1 1 OBJECT
3303 3312 1 1 OBJECT
3296 3311 1 1 OBJECT
3303 3313 1 1 OBJECT
3303 3314 1 1 OBJECT
3303 3315 1 1 OBJECT
3296 3310 1 1 OBJECT
3302 3316 1 1 OBJECT
3296 3308 1 1 OBJECT
3301 3317 1 1 OBJECT
3300 3317 1 1 OBJECT
3297 3306 1 1 OBJECT
3296 3306 1 1 OBJECT
3299 3317 1 1 OBJECT
3296 3307 1 1 OBJECT
3296 3308 1 1 OBJECT
3297 3317 1 1 OBJECT
3297 3309 1 1 OBJECT
3297 3316 1 1 OBJECT
3297 3308 1 1 OBJECT
3296 3316 1 1 OBJECT
3296 3309 1 1 OBJECT
3296 3310 1 1 OBJECT
3296 3315 1 1 OBJECT
3298 3308 1 1 OBJECT
3298 3307 1 1 OBJECT
3298 3305 1 1 OBJECT
3296 3314 1 1 OBJECT
3295 3313 1 1 OBJECT
3299 3307 1 1 OBJECT
3297 3304 1 1 OBJECT
3297 3305 1 1 OBJECT
3296 3305 1 1 OBJECT
3297 3311 1 1 OBJECT
3296 3304 1 1 OBJECT
3297 3310 1 1 OBJECT
3294 3301 1 1 OBJECT
3296 3309 1 1 OBJECT
3293 3300 1 1 OBJECT
3292 3299 1 1 OBJECT
3297 3308 1 1 OBJECT
3298 3308 1 1 OBJECT
3298 3307 1 1 OBJECT
3299 3307 1 1 OBJECT
3299 3306 1 1 OBJECT
3298 3306 1 1 OBJECT
3298 3305 1 1 OBJECT
3297 3304 1 1 OBJECT
3297 3305 1 1 OBJECT
3303 3310 1 1 OBJECT
3296 3305 1 1 OBJECT
3296 3304 1 1 OBJECT
3302 3309 1 1 OBJECT
3295 3303 1 1 OBJECT
3303 3305 1 1 OBJECT
3295 3302 1 1 OBJECT
3303 3304 1 1 OBJECT
3294 3301 1 1 OBJECT
3302 3302 1 1 OBJECT
3301 3301 1 1 OBJECT
3301 3299 1 1 OBJECT
3294 3301 1 1 OBJECT
3301 3300 1 1 OBJECT
3293 3301 1 1 OBJECT
3301 3296 1 1 OBJECT
3293 3300 1 1 OBJECT
3302 3296 1 1 OBJECT
3292 3299 1 1 OBJECT
3302 3295 1 1 OBJECT
3301 3295 1 1 OBJECT
3297 3297 1 1 OBJECT
3301 3294 1 1 OBJECT
3302 3294 1 1 OBJECT
3302 3293 1 1 OBJECT
3301 3293 1 1 OBJECT
3292 3298 1 1 OBJECT
3303 3294 1 1 OBJECT
3303 3292 1 1 OBJECT
3292 3296 1 1 OBJECT
3303 3293 1 1 OBJECT
3304 3292 1 1 OBJECT
3293 3295 1 1 OBJECT
3295 3294 1 1 OBJECT
3304 3292 1 1 OBJECT
3304 3291 1 1 OBJECT
3297 3293 1 1 OBJECT
3297 3292 1 1 OBJECT
3298 3291 1 1 OBJECT
3298 3290 1 1 OBJECT
3298 3289 1 1 OBJECT
3297 3288 1 1 OBJECT
3297 3288 1 1 OBJECT
3296 3287 1 1 OBJECT
3297 3288 1 1 OBJECT
3296 3287 1 1 OBJECT
3296 3286 1 1 OBJECT
3295 3286 1 1 OBJECT
3294 3285 1 1 OBJECT
3294 3284 1 1 OBJECT
3294 3283 1 1 OBJECT
3294 3282 1 1 OBJECT
3295 3281 1 1 OBJECT
3296 3281 1 1 OBJECT
3297 3280 1 1 OBJECT
3297 3281 1 1 OBJECT
3297 3282 1 1 OBJECT
3297 3283 1 1 OBJECT
3297 3284 1 1 OBJECT
3296 3285 1 1 OBJECT
3296 3286 1 1 OBJECT
3292 3300 1 1 OBJECT
3296 3312 1 1 OBJECT
3296 3313 1 1 OBJECT
3294 3302 1 1 OBJECT
3302 3301 1 1 OBJECT
3301 3302 1 1 OBJECT
3298 3304 1 1 OBJECT
3303 3303 1 1 OBJECT
3303 3302 1 1 OBJECT
3302 3301 1 1 OBJECT
3297 3303 1 1 OBJECT
3302 3300 1 1 OBJECT
3302 3299 1 1 OBJECT
3296 3303 1 1 OBJECT
3302 3298 1 1 OBJECT
3302 3297 1 1 OBJECT
3296 3302 1 1 OBJECT
3296 3301 1 1 OBJECT
3295 3301 1 1 OBJECT
3304 3290 1 1 OBJECT
3303 3290 1 1 OBJECT
3302 3289 1 1 OBJECT
3302 3288 1 1 OBJECT
3301 3287 1 1 OBJECT
3301 3286 1 1 OBJECT
3300 3285 1 1 OBJECT
3300 3284 1 1 OBJECT
3301 3284 1 1 OBJECT
3301 3283 1 1 OBJECT
3294 3302 1 1 OBJECT
3294 3302 1 1 OBJECT
3294 3303 1 1 OBJECT
3293 3296 1 1 OBJECT
3295 3295 1 1 OBJECT
3296 3294 1 1 OBJECT
3296 3293 1 1 OBJECT
3303 3306 1 1 OBJECT
3303 3307 1 1 OBJECT
3303 3309 1 1 OBJECT
3297 3291 1 1 OBJECT
3297 3290 1 1 OBJECT
3303 3308 1 1 OBJECT
3297 3289 1 1 OBJECT
3297 3289 1 1 OBJECT
3303 3311 1 1 OBJECT
3296 3288 1 1 OBJECT
3302 3310 1 1 OBJECT
3304 3311 1 1 OBJECT
3296 3284 1 1 OBJECT
3304 3312 1 1 OBJECT
3304 3313 1 1 OBJECT
3304 3314 1 1 OBJECT
3304 3315 1 1 OBJECT
3304 3315 1 1 OBJECT
3302 3315 1 1 OBJECT
3301 3315 1 1 OBJECT
3301 3316 1 1 OBJECT
3300 3316 1 1 OBJECT
3299 3316 1 1 OBJECT
3298 3317 1 1 OBJECT
3298 3316 1 1 OBJECT
3303 3290 1 1 OBJECT
3303 3289 1 1 OBJECT
3297 3315 1 1 OBJECT
3302 3289 1 1 OBJECT
3297 3314 1 1 OBJECT
3296 3313 1 1 OBJECT
3302 3289 1 1 OBJECT
3297 3313 1 1 OBJECT
3297 3312 1 1 OBJECT
3298 3311 1 1 OBJECT
3301 3288 1 1 OBJECT
3298 3310 1 1 OBJECT
3298 3309 1 1 OBJECT
3300 3287 1 1 OBJECT
3299 3308 1 1 OBJECT
3300 3286 1 1 OBJECT
3300 3307 1 1 OBJECT
3300 3285 1 1 OBJECT
3300 3306 1 1 OBJECT
3299 3305 1 1 OBJECT
3300 3284 1 1 OBJECT
3298 3304 1 1 OBJECT
3301 3283 1 1 OBJECT
3297 3303 1 1 OBJECT
3302 3282 1 1 OBJECT
3303 3281 1 1 OBJECT
3304 3281 1 1 OBJECT
3305 3280 1 1 OBJECT
3296 3303 1 1 OBJECT
3306 3281 1 1 OBJECT
3296 3302 1 1 OBJECT
3296 3302 1 1 OBJECT
3296 3284 1 1 OBJECT
3295 3285 1 1 OBJECT
3301 3282 1 1 OBJECT
3302 3281 1 1 OBJECT
3301 3282 1 1 OBJECT
3302 3281 1 1 OBJECT
3303 3280 1 1 OBJECT
3304 3280 1 1 OBJECT
3305 3281 1 1 OBJECT
3298 3283 1 1 OBJECT
3307 3281 1 1 OBJECT
3298 3282 1 1 OBJECT
3298 3281 1 1 OBJECT
3306 3282 1 1 OBJECT
3306 3283 1 1 OBJECT
3298 3280 1 1 OBJECT
3306 3283 1 1 OBJECT
3296 3280 1 1 OBJECT
3305 3284 1 1 OBJECT
3295 3280 1 1 OBJECT
3304 3285 1 1 OBJECT
3294 3281 1 1 OBJECT
3304 3286 1 1 OBJECT
3293 3282 1 1 OBJECT
3304 3287 1 1 OBJECT
3293 3284 1 1 OBJECT
3305 3288 1 1 OBJECT
3306 3288 1 1 OBJECT
3307 3289 1 1 OBJECT
3294 3286 1 1 OBJECT
3307 3290 1 1 OBJECT
3294 3288 1 1 OBJECT
3308 3291 1 1 OBJECT
3294 3290 1 1 OBJECT
3293 3292 1 1 OBJECT
3292 3293 1 1 OBJECT
3308 3291 1 1 OBJECT
3291 3294 1 1 OBJECT
3308 3292 1 1 OBJECT
3290 3295 1 1 OBJECT
3308 3293 1 1 OBJECT
3289 3297 1 1 OBJECT
3307 3293 1 1 OBJECT
3289 3298 1 1 OBJECT
3289 3300 1 1 OBJECT
3307 3294 1 1 OBJECT
3289 3302 1 1 OBJECT
3290 3303 1 1 OBJECT
3306 3294 1 1 OBJECT
3291 3304 1 1 OBJECT
3292 3305 1 1 OBJECT
3293 3306 1 1 OBJECT
3306 3295 1 1 OBJECT
3305 3296 1 1 OBJECT
3293 3307 1 1 OBJECT
3305 3297 1 1 OBJECT
3293 3308 1 1 OBJECT
3305 3298 1 1 OBJECT
3293 3310 1 1 OBJECT
3305 3299 1 1 OBJECT
3305 3300 1 1 OBJECT
3293 3311 1 1 OBJECT
3306 3301 1 1 OBJECT
3293 3312 1 1 OBJECT
3307 3302 1 1 OBJECT
3293 3314 1 1 OBJECT
3307 3303 1 1 OBJECT
3307 3304 1 1 OBJECT
3293 3316 1 1 OBJECT
3293 3317 1 1 OBJECT
3307 3305 1 1 OBJECT
3306 3306 1 1 OBJECT
3294 3318 1 1 OBJECT
3306 3307 1 1 OBJECT
3295 3319 1 1 OBJECT
3306 3308 1 1 OBJECT
3296 3319 1 1 OBJECT
3306 3309 1 1 OBJECT
3297 3319 1 1 OBJECT
3307 3310 1 1 OBJECT
3298 3319 1 1 OBJECT
3307 3311 1 1 OBJECT
3307 3312 1 1 OBJECT
3299 3319 1 1 OBJECT
3307 3313 1 1 OBJECT
3300 3319 1 1 OBJECT
3300 3320 1 1 OBJECT
3307 3314 1 1 OBJECT
3301 3320 1 1 OBJECT
3306 3314 1 1 OBJECT
3302 3320 1 1 OBJECT
3306 3315 1 1 OBJECT
3303 3319 1 1 OBJECT
3306 3316 1 1 OBJECT
3304 3319 1 1 OBJECT
3305 3318 1 1 OBJECT
3305 3316 1 1 OBJECT
3305 3317 1 1 OBJECT
3305 3317 1 1 OBJECT
3304 3318 1 1 OBJECT
3292 3312 1 1 OBJECT
3293 3305 1 1 OBJECT
3293 3309 1 1 OBJECT
3293 3305 1 1 OBJECT
3293 3309 1 1 OBJECT
3290 3302 1 1 OBJECT
3289 3301 1 1 OBJECT
3288 3300 1 1 OBJECT
3288 3299 1 1 OBJECT
3288 3298 1 1 OBJECT
3288 3297 1 1 OBJECT
3289 3296 1 1 OBJECT
3292 3294 1 1 OBJECT
3306 3310 1 1 OBJECT
3291 3303 1 1 OBJECT
3292 3297 1 1 OBJECT
3289 3295 1 1 OBJECT
3293 3293 1 1 OBJECT
3290 3294 1 1 OBJECT
3290 3296 1 1 OBJECT
3290 3296 1 1 OBJECT
3285 3294 1 1 OBJECT
3285 3293 1 1 OBJECT
3285 3292 1 1 OBJECT
3285 3290 1 1 OBJECT
3284 3290 1 1 OBJECT
3283 3291 1 1 OBJECT
3282 3290 1 1 OBJECT
3281 3291 1 1 OBJECT
3282 3289 1 1 OBJECT
3281 3291 1 1 OBJECT
3282 3291 1 1 OBJECT
3282 3292 1 1 OBJECT
3281 3293 1 1 OBJECT
3282 3294 1 1 OBJECT
3281 3295 1 1 OBJECT
2863 3425 1 1 OBJECT
2862 3424 1 1 OBJECT
2863 3425 1 1 OBJECT
2863 3425 1 1 OBJECT
2810 3432 1 1 OBJECT
2811 3431 1 1 OBJECT
2806 3429 1 1 OBJECT
2806 3428 1 1 OBJECT
2806 3427 1 1 OBJECT
2806 3426 1 1 OBJECT
2806 3425 1 1 OBJECT
2805 3425 1 1 OBJECT
2805 3424 1 1 OBJECT
2805 3423 1 1 OBJECT
2805 3422 1 1 OBJECT
2805 3421 1 1 OBJECT
2806 3421 1 1 OBJECT
2805 3420 1 1 OBJECT
2805 3419 1 1 OBJECT
2805 3422 1 1 OBJECT
2805 3418 1 1 OBJECT
2805 3417 1 1 OBJECT
2805 3416 1 1 OBJECT
2805 3423 1 1 OBJECT
2805 3415 1 1 OBJECT
2805 3414 1 1 OBJECT
2805 3424 1 1 OBJECT
2805 3413 1 1 OBJECT
2805 3412 1 1 OBJECT
2805 3425 1 1 OBJECT
2805 3411 1 1 OBJECT
2806 3425 1 1 OBJECT
2805 3410 1 1 OBJECT
2806 3426 1 1 OBJECT
2805 3409 1 1 OBJECT
2806 3427 1 1 OBJECT
2804 3409 1 1 OBJECT
2806 3428 1 1 OBJECT
2803 3409 1 1 OBJECT
2806 3429 1 1 OBJECT
2802 3409 1 1 OBJECT
2802 3410 1 1 OBJECT
2802 3411 1 1 OBJECT
2802 3412 1 1 OBJECT
2802 3412 1 1 OBJECT
2801 3412 1 1 OBJECT
2800 3412 1 1 OBJECT
2802 3416 1 1 OBJECT
2799 3412 1 1 OBJECT
2802 3417 1 1 OBJECT
2798 3412 1 1 OBJECT
2802 3418 1 1 OBJECT
2797 3412 1 1 OBJECT
2802 3419 1 1 OBJECT
2796 3412 1 1 OBJECT
2802 3420 1 1 OBJECT
2802 3421 1 1 OBJECT
2802 3422 1 1 OBJECT
2796 3412 1 1 OBJECT
2802 3423 1 1 OBJECT
2795 3412 1 1 OBJECT
2794 3412 1 1 OBJECT
2802 3424 1 1 OBJECT
2793 3412 1 1 OBJECT
2792 3412 1 1 OBJECT
2802 3425 1 1 OBJECT
2791 3412 1 1 OBJECT
2802 3426 1 1 OBJECT
2790 3412 1 1 OBJECT
2802 3427 1 1 OBJECT
2790 3413 1 1 OBJECT
2802 3428 1 1 OBJECT
2790 3414 1 1 OBJECT
2802 3429 1 1 OBJECT
2790 3415 1 1 OBJECT
2791 3415 1 1 OBJECT
2792 3415 1 1 OBJECT
2793 3416 1 1 OBJECT
2792 3416 1 1 OBJECT
2793 3415 1 1 OBJECT
2794 3415 1 1 OBJECT
2795 3415 1 1 OBJECT
2796 3416 1 1 OBJECT
2797 3416 1 1 OBJECT
2801 3429 1 1 OBJECT
2798 3416 1 1 OBJECT
2800 3428 1 1 OBJECT
2799 3416 1 1 OBJECT
2800 3416 1 1 OBJECT
2799 3427 1 1 OBJECT
2801 3416 1 1 OBJECT
2799 3426 1 1 OBJECT
2802 3416 1 1 OBJECT
2802 3417 1 1 OBJECT
2799 3425 1 1 OBJECT
2802 3418 1 1 OBJECT
2798 3424 1 1 OBJECT
2802 3419 1 1 OBJECT
2802 3420 1 1 OBJECT
2798 3425 1 1 OBJECT
2802 3421 1 1 OBJECT
2797 3425 1 1 OBJECT
2802 3422 1 1 OBJECT
2796 3425 1 1 OBJECT
2802 3423 1 1 OBJECT
2802 3424 1 1 OBJECT
2802 3425 1 1 OBJECT
2802 3426 1 1 OBJECT
2795 3425 1 1 OBJECT
2802 3427 1 1 OBJECT
2802 3428 1 1 OBJECT
2794 3426 1 1 OBJECT
2802 3429 1 1 OBJECT
2793 3426 1 1 OBJECT
2802 3430 1 1 OBJECT
2792 3426 1 1 OBJECT
2802 3431 1 1 OBJECT
2791 3426 1 1 OBJECT
2790 3426 1 1 OBJECT
2789 3426 1 1 OBJECT
2799 3428 1 1 OBJECT
2796 3415 1 1 OBJECT
2795 3426 1 1 OBJECT
2792 3432 1 1 OBJECT
2795 3431 1 1 OBJECT
2793 3431 1 1 OBJECT
2792 3432 1 1 OBJECT
2795 3431 1 1 OBJECT
2794 3431 1 1 OBJECT
2791 3432 1 1 OBJECT
2796 3431 1 1 OBJECT
2797 3431 1 1 OBJECT
2798 3430 1 1 OBJECT
2799 3430 1 1 OBJECT
2800 3430 1 1 OBJECT
2800 3429 1 1 OBJECT
2788 3425 1 1 OBJECT
2787 3425 1 1 OBJECT
2793 3432 1 1 OBJECT
2805 3432 1 1 OBJECT
2802 3432 1 1 OBJECT
2800 3429 1 1 OBJECT
2800 3429 1 1 OBJECT
2862 3432 1 1 OBJECT
2860 3435 1 1 OBJECT
2860 3436 1 1 OBJECT
2859 3437 1 1 OBJECT
2858 3438 1 1 OBJECT
2857 3436 1 1 OBJECT
2857 3438 1 1 OBJECT
2856 3438 1 1 OBJECT
2857 3436 1 1 OBJECT
2853 3439 1 1 OBJECT
3294 3295 1 1 OBJECT
3294 3291 1 1 OBJECT
3294 3296 1 1 OBJECT
3299 3304 1 1 OBJECT
3300 3304 1 1 OBJECT
3301 3304 1 1 OBJECT
3298 3285 1 1 OBJECT
3299 3283 1 1 OBJECT
3289 3181 1 1 OBJECT
3290 3181 1 1 OBJECT
3290 3182 1 1 OBJECT
3289 3182 1 1 OBJECT
3291 3179 1 1 OBJECT
3290 3179 1 1 OBJECT
3289 3179 1 1 OBJECT
3288 3179 1 1 OBJECT
3287 3179 1 1 OBJECT
3286 3179 1 1 OBJECT
3285 3179 1 1 OBJECT
3284 3179 1 1 OBJECT
3283 3179 1 1 OBJECT
3282 3179 1 1 OBJECT
3281 3179 1 1 OBJECT
3280 3179 1 1 OBJECT
3280 3178 1 1 OBJECT
3280 3177 1 1 OBJECT
3280 3176 1 1 OBJECT
3280 3175 1 1 OBJECT
3280 3174 1 1 OBJECT
3280 3173 1 1 OBJECT
3280 3172 1 1 OBJECT
3280 3170 1 1 OBJECT
3280 3169 1 1 OBJECT
3280 3168 1 1 OBJECT
3280 3167 1 1 OBJECT
3280 3166 1 1 OBJECT
3280 3165 1 1 OBJECT
3280 3164 1 1 OBJECT
3280 3163 1 1 OBJECT
3280 3162 1 1 OBJECT
3280 3161 1 1 OBJECT
3280 3160 1 1 OBJECT
3280 3159 1 1 OBJECT
3280 3158 1 1 OBJECT
3280 3157 1 1 OBJECT
3281 3157 1 1 OBJECT
3282 3157 1 1 OBJECT
3283 3157 1 1 OBJECT
3284 3157 1 1 OBJECT
3285 3157 1 1 OBJECT
3286 3157 1 1 OBJECT
3287 3157 1 1 OBJECT
3289 3157 1 1 OBJECT
3290 3157 1 1 OBJECT
3292 3157 1 1 OBJECT
3293 3157 1 1 OBJECT
3294 3157 1 1 OBJECT
3295 3157 1 1 OBJECT
3296 3157 1 1 OBJECT
3297 3157 1 1 OBJECT
3298 3157 1 1 OBJECT
3299 3157 1 1 OBJECT
3300 3157 1 1 OBJECT
3301 3157 1 1 OBJECT
3302 3157 1 1 OBJECT
3303 3157 1 1 OBJECT
3304 3157 1 1 OBJECT
3305 3157 1 1 OBJECT
3305 3158 1 1 OBJECT
3305 3159 1 1 OBJECT
3305 3160 1 1 OBJECT
3305 3161 1 1 OBJECT
3305 3162 1 1 OBJECT
3305 3163 1 1 OBJECT
3305 3164 1 1 OBJECT
3305 3165 1 1 OBJECT
3305 3166 1 1 OBJECT
3305 3167 1 1 OBJECT
3305 3168 1 1 OBJECT
3305 3169 1 1 OBJECT
3305 3170 1 1 OBJECT
3305 3171 1 1 OBJECT
3305 3172 1 1 OBJECT
3305 3173 1 1 OBJECT
3305 3173 1 1 OBJECT
3305 3174 1 1 OBJECT
3305 3175 1 1 OBJECT
3305 3176 1 1 OBJECT
3305 3177 1 1 OBJECT
3305 3178 1 1 OBJECT
3305 3179 1 1 OBJECT
3304 3179 1 1 OBJECT
3303 3179 1 1 OBJECT
3302 3179 1 1 OBJECT
3301 3179 1 1 OBJECT
3300 3179 1 1 OBJECT
3299 3179 1 1 OBJECT
3298 3179 1 1 OBJECT
3297 3179 1 1 OBJECT
3296 3179 1 1 OBJECT
3295 3179 1 1 OBJECT
3294 3179 1 1 OBJECT
3294 3177 1 1 OBJECT
3291 3177 1 1 OBJECT
3289 3181 1 1 OBJECT
3293 3173 1 1 OBJECT
3293 3172 1 1 OBJECT
3293 3173 1 1 OBJECT
3071 3507 1 1 OBJECT
3071 3507 1 1 OBJECT
3070 3508 1 1 OBJECT
3070 3508 1 1 OBJECT
3070 3491 1 1 OBJECT
3071 3491 1 1 OBJECT
3070 3492 1 1 OBJECT
3098 3496 1 1 OBJECT
3094 3499 1 1 OBJECT
2817 3439 1 1 OBJECT